{
	"version": "0.7", 
	"id": "", 
	"meshes": [
		{
			"attributes": [
				{
					"size":   3, 
					"type": "GL_FLOAT", 
					"attribute": "VERTEX_ATTRIB_POSITION"
				}, {
					"size":   3, 
					"type": "GL_FLOAT", 
					"attribute": "VERTEX_ATTRIB_NORMAL"
				}, {
					"size":   3, 
					"type": "GL_FLOAT", 
					"attribute": "VERTEX_ATTRIB_TANGENT"
				}, {
					"size":   3, 
					"type": "GL_FLOAT", 
					"attribute": "VERTEX_ATTRIB_BINORMAL"
				}, {
					"size":   2, 
					"type": "GL_FLOAT", 
					"attribute": "VERTEX_ATTRIB_TEX_COORD"
				}, {
					"size":   4, 
					"type": "GL_FLOAT", 
					"attribute": "VERTEX_ATTRIB_BLEND_WEIGHT"
				}, {
					"size":   4, 
					"type": "GL_FLOAT", 
					"attribute": "VERTEX_ATTRIB_BLEND_INDEX"
				}
			], 
			"vertices": [
				 33.359200,  109.579391, -6.737839,  0.615299, -0.056958, -0.786234,  0.533112,  0.764780,  0.361805, -0.580688,  0.641769, -0.500933,  0.086889,  0.869013,  0.991092,  0.007351,  0.001557,  0.000000,  0.000000,  1.000000,  2.000000,  0.000000, 
				 38.035995,  106.584084, -0.515605,  0.661485,  0.745154, -0.084752, -0.303913,  0.369657,  0.878061, -0.685620,  0.555067, -0.470984,  0.103669,  0.803968,  0.871504,  0.123945,  0.003400,  0.001151,  0.000000,  1.000000,  3.000000,  4.000000, 
				 37.058357,  103.935104, -3.873495,  0.351979,  0.229760, -0.907370,  0.539757,  0.742166,  0.397306, -0.764705,  0.629603, -0.137212,  0.070333,  0.811537,  0.943663,  0.056337,  0.000000,  0.000000,  0.000000,  1.000000,  0.000000,  0.000000, 
				 34.313484,  113.248184, -3.412324,  0.903397,  0.428334,  0.020089, -0.285777,  0.566481,  0.772937, -0.319695,  0.704010, -0.634165,  0.136530,  0.870797,  0.991053,  0.005686,  0.003262,  0.000000,  0.000000,  1.000000,  2.000000,  0.000000, 
				 30.661474,  106.564667, -6.679729, -0.195877, -0.581682, -0.789480,  0.650571,  0.525311, -0.548457, -0.733750,  0.621043, -0.275529,  0.048652,  0.863825,  0.957410,  0.034976,  0.004754,  0.002860,  0.000000,  1.000000,  2.000000,  3.000000, 
				 35.032696,  101.183113, -3.724041,  0.062993, -0.828107, -0.557019,  0.615049,  0.471756, -0.631792, -0.785969,  0.302795, -0.539044,  0.040603,  0.805022,  0.680506,  0.315333,  0.003085,  0.001076,  0.000000,  1.000000,  3.000000,  4.000000, 
				 28.576170,  106.391693, -2.728247, -0.760412, -0.649409,  0.006469, -0.023097,  0.017088, -0.999587, -0.649030,  0.760247,  0.027993,  0.008802,  0.875466,  0.944318,  0.044404,  0.006839,  0.004439,  0.000000,  1.000000,  2.000000,  3.000000, 
				 33.301056,  101.462265, -0.269541, -0.225900, -0.957326,  0.180266,  0.081222, -0.202915, -0.975822, -0.970759,  0.205797, -0.123594,  0.008802,  0.817824,  0.652938,  0.335235,  0.008881,  0.002945,  0.000000,  1.000000,  3.000000,  4.000000, 
				 29.916477,  107.935684,  1.405896, -0.563143, -0.164222,  0.809877,  0.440208,  0.769803,  0.462192, -0.699348,  0.616794, -0.361217,  0.047428,  0.863825,  0.913487,  0.068790,  0.009310,  0.008412,  0.000000,  1.000000,  2.000000,  3.000000, 
				 33.301056,  101.462265, -0.269541, -0.225900, -0.957326,  0.180266, -0.038205,  0.193613,  0.980334, -0.973401,  0.214570, -0.080312,  0.007578,  0.818177,  0.652938,  0.335235,  0.008881,  0.002945,  0.000000,  1.000000,  3.000000,  4.000000, 
				 34.484867,  102.891869,  3.732730, -0.233183, -0.468711,  0.852018,  0.510142,  0.686963,  0.517529, -0.827877,  0.555330,  0.078921,  0.039379,  0.805022,  0.539539,  0.409776,  0.038821,  0.011864,  0.000000,  1.000000,  3.000000,  4.000000, 
				 28.576170,  106.391693, -2.728247, -0.760412, -0.649409,  0.006469, -0.241624,  0.292143,  0.925349, -0.602820,  0.702083, -0.379062,  0.007578,  0.875466,  0.944318,  0.044404,  0.006839,  0.004439,  0.000000,  1.000000,  2.000000,  3.000000, 
				 36.297363,  105.826088,  2.878364,  0.012250,  0.675850,  0.736937,  0.617182,  0.574744, -0.537361, -0.786725,  0.461407, -0.410082,  0.069109,  0.811537,  0.689047,  0.285549,  0.019183,  0.006221,  0.000000,  1.000000,  3.000000,  4.000000, 
				 32.333504,  111.422722,  1.177474,  0.269360,  0.426512,  0.863443,  0.607086,  0.620798, -0.496040, -0.747590,  0.657797, -0.091711,  0.085665,  0.869013,  0.958261,  0.029351,  0.008372,  0.004016,  0.000000,  1.000000,  2.000000,  3.000000, 
				 26.259497,  121.250740, -1.514175, -0.443686,  0.713577,  0.542172,  0.307427, -0.447080,  0.840005,  0.841802,  0.539377, -0.021010,  0.481620,  0.943088,  0.716658,  0.281806,  0.001536,  0.000000,  0.000000,  2.000000,  1.000000,  0.000000, 
				 28.293085,  123.661537, -4.960407, -0.214007,  0.857020,  0.468740,  0.094955, -0.459333,  0.883174,  0.972206,  0.233515,  0.016922,  0.459596,  0.965550,  0.607296,  0.392704,  0.000000,  0.000000,  0.000000,  2.000000,  0.000000,  0.000000, 
				 27.075951,  121.461357, -7.932778, -0.776877,  0.588294, -0.224439, -0.144718,  0.180079,  0.972948,  0.612796,  0.788341, -0.054763,  0.438337,  0.949735,  0.825097,  0.174903,  0.000000,  0.000000,  0.000000,  2.000000,  0.000000,  0.000000, 
				 35.909409,  103.943123,  4.217265,  0.146687, -0.240319,  0.959547,  0.766054,  0.641302,  0.043507, -0.625815,  0.728683,  0.278168,  0.053412,  0.800262,  0.532118,  0.410489,  0.044277,  0.013115,  0.000000,  1.000000,  3.000000,  4.000000, 
				 38.056572,  105.086464,  3.663563,  0.529530, -0.077831,  0.844713,  0.792358,  0.400982, -0.459764, -0.302931,  0.912774,  0.274002,  0.068282,  0.796229,  0.533047,  0.414564,  0.040678,  0.011710,  0.000000,  1.000000,  3.000000,  4.000000, 
				 27.471649,  119.227570, -0.910738,  0.224580,  0.365929,  0.903139,  0.670948,  0.614060, -0.415643, -0.706677,  0.699305, -0.107614,  0.105401,  0.951045,  0.862930,  0.133137,  0.002932,  0.001001,  0.000000,  2.000000,  1.000000,  5.000000, 
				 34.313484,  113.248184, -3.412324,  0.903397,  0.428334,  0.020089, -0.042548,  0.136158, -0.989773, -0.426689,  0.893303,  0.141230,  0.135306,  0.870797,  0.991053,  0.005686,  0.003262,  0.000000,  0.000000,  1.000000,  2.000000,  0.000000, 
				 31.536823,  122.935555, -7.127728,  0.924528,  0.380658,  0.018651, -0.060174,  0.194122, -0.979130, -0.376334,  0.904111,  0.202377,  0.174752,  0.956166,  0.655778,  0.338499,  0.004283,  0.001440,  0.000000,  2.000000,  1.000000,  6.000000, 
				 38.035995,  106.584084, -0.515605,  0.661485,  0.745154, -0.084752, -0.045114, -0.073268, -0.996291, -0.748600,  0.662855, -0.014849,  0.102445,  0.803968,  0.871504,  0.123945,  0.003400,  0.001151,  0.000000,  1.000000,  3.000000,  4.000000, 
				 41.143120,  105.290672,  0.260326,  0.984720, -0.079266,  0.155063,  0.170733,  0.263934, -0.949310,  0.034322,  0.961278,  0.273435,  0.088793,  0.779811,  0.520374,  0.450003,  0.022936,  0.006687,  0.000000,  1.000000,  3.000000,  4.000000, 
				 39.095676,  103.428787, -3.431173,  0.743782, -0.395711, -0.538703,  0.652803,  0.603243,  0.458199, -0.143655,  0.692467, -0.707003,  0.069506,  0.796229,  0.681659,  0.316682,  0.001659,  0.000000,  0.000000,  1.000000,  3.000000,  0.000000, 
				 41.143120,  105.290672,  0.260326,  0.984720, -0.079266,  0.155063, -0.064847,  0.659479,  0.748921,  0.161625,  0.747532, -0.644261,  0.090017,  0.779811,  0.520374,  0.450003,  0.022936,  0.006687,  0.000000,  1.000000,  3.000000,  4.000000, 
				 37.308586,  102.200043, -4.153425,  0.420558, -0.628833, -0.653988,  0.822550,  0.568421, -0.017603, -0.382810,  0.530535, -0.756300,  0.054636,  0.800262,  0.720377,  0.278412,  0.001211,  0.000000,  0.000000,  1.000000,  3.000000,  0.000000, 
				 31.536823,  122.935555, -7.127728,  0.924528,  0.380658,  0.018651, -0.264193,  0.604853,  0.751236, -0.274683,  0.699466, -0.659771,  0.175976,  0.956166,  0.655778,  0.338499,  0.004283,  0.001440,  0.000000,  2.000000,  1.000000,  6.000000, 
				 29.028360,  122.915161, -10.083961, -0.022720,  0.486487, -0.873393,  0.458129,  0.781560,  0.423418, -0.888595,  0.390506,  0.240631,  0.144393,  0.979555,  0.566338,  0.432130,  0.001532,  0.000000,  0.000000,  2.000000,  1.000000,  0.000000, 
				 30.326674,  126.072334, -8.406638, -0.165711,  0.953488, -0.251796,  0.585986,  0.300565,  0.752517, -0.793197,  0.022848,  0.608537,  0.177096,  0.987303,  0.497515,  0.496817,  0.002949,  0.002718,  2.000000,  0.000000,  1.000000,  6.000000, 
				 28.985815,  117.522491, -10.761954,  0.555699, -0.100580, -0.825277,  0.589010,  0.748186,  0.305425, -0.586741,  0.655821, -0.475009,  0.106625,  0.951045,  0.849906,  0.146465,  0.003629,  0.000000,  0.000000,  2.000000,  1.000000,  0.000000, 
				 23.881874,  116.073013, -11.463274, -0.476923, -0.121790, -0.870466,  0.626715,  0.647249, -0.433932, -0.616257,  0.752486,  0.232361,  0.055241,  0.973072,  0.685803,  0.307125,  0.004498,  0.002574,  0.000000,  2.000000,  1.000000,  5.000000, 
				 27.730049,  119.757980, -11.761284, -0.203693,  0.378641, -0.902851,  0.614034,  0.767672,  0.183417, -0.762543,  0.517020,  0.388868,  0.111691,  0.971807,  0.658842,  0.338760,  0.002399,  0.000000,  0.000000,  2.000000,  1.000000,  0.000000, 
				 25.238281,  114.208435, -10.805230, -0.169013, -0.543001, -0.822548,  0.662659,  0.555175, -0.502656, -0.729601,  0.630024, -0.265993,  0.053952,  0.953781,  0.820406,  0.169570,  0.007455,  0.002569,  0.000000,  2.000000,  1.000000,  7.000000, 
				 22.006367,  113.159546, -6.344286, -0.725305, -0.684746, -0.071107,  0.097440,  0.000139, -0.995241, -0.681497,  0.728782, -0.066621,  0.008802,  0.962984,  0.798742,  0.185838,  0.009183,  0.006236,  0.000000,  2.000000,  1.000000,  5.000000, 
				 20.638124,  114.671448, -6.994332, -0.972071,  0.048123, -0.229702,  0.231054,  0.367836, -0.900728, -0.041147,  0.928645,  0.368682,  0.008802,  0.981656,  0.677418,  0.308531,  0.007715,  0.006336,  0.000000,  2.000000,  5.000000,  1.000000, 
				 21.674030,  116.639076, -1.711594, -0.796538,  0.139136,  0.588360,  0.500125,  0.698440,  0.511915, -0.339709,  0.702013, -0.625920,  0.054017,  0.973072,  0.702022,  0.286108,  0.006423,  0.005446,  0.000000,  2.000000,  5.000000,  1.000000, 
				 22.006367,  113.159546, -6.344286, -0.725305, -0.684746, -0.071107, -0.272543,  0.190757,  0.943044, -0.632181,  0.703374, -0.324979,  0.007578,  0.962984,  0.798742,  0.185838,  0.009183,  0.006236,  0.000000,  2.000000,  1.000000,  5.000000, 
				 23.132498,  115.057098, -1.181600, -0.558151, -0.229778,  0.797289,  0.449552,  0.723892,  0.523339, -0.697403,  0.650525, -0.300744,  0.052728,  0.953781,  0.822130,  0.164304,  0.008402,  0.005164,  0.000000,  2.000000,  1.000000,  5.000000, 
				 20.638124,  114.671448, -6.994332, -0.972071,  0.048123, -0.229702, -0.176047,  0.497719,  0.849284,  0.155197,  0.866002, -0.475346,  0.007578,  0.981656,  0.677418,  0.308531,  0.007715,  0.006336,  0.000000,  2.000000,  5.000000,  1.000000, 
				 26.259497,  121.250740, -1.514175, -0.443686,  0.713577,  0.542172,  0.651305,  0.672307, -0.351859, -0.615585,  0.197005, -0.763050,  0.110467,  0.971807,  0.716658,  0.281806,  0.001536,  0.000000,  0.000000,  2.000000,  1.000000,  0.000000, 
				 28.293085,  123.661537, -4.960407, -0.214007,  0.857020,  0.468740,  0.526599,  0.505378, -0.683584, -0.822736,  0.100546, -0.559461,  0.143170,  0.979555,  0.607296,  0.392704,  0.000000,  0.000000,  0.000000,  2.000000,  0.000000,  0.000000, 
				 30.326674,  126.072334, -8.406638, -0.165711,  0.953488, -0.251796, -0.155518,  0.226865,  0.961429,  0.973835,  0.198478,  0.110691,  0.437573,  0.988012,  0.497515,  0.496817,  0.002949,  0.002718,  2.000000,  0.000000,  1.000000,  6.000000, 
				 29.028360,  122.915161, -10.083961, -0.022720,  0.486487, -0.873393, -0.364685,  0.809388,  0.460322,  0.930854,  0.328972,  0.159025,  0.423810,  0.966473,  0.566338,  0.432130,  0.001532,  0.000000,  0.000000,  2.000000,  1.000000,  0.000000, 
				 23.881874,  116.073013, -11.463274, -0.476923, -0.121790, -0.870466, -0.862861,  0.253466,  0.437293,  0.167375,  0.959647, -0.225972,  0.411562,  0.909095,  0.685803,  0.307125,  0.004498,  0.002574,  0.000000,  2.000000,  1.000000,  5.000000, 
				 20.638124,  114.671448, -6.994332, -0.972071,  0.048123, -0.229702, -0.218096,  0.176247,  0.959881,  0.086676,  0.983169, -0.160829,  0.442406,  0.886222,  0.677418,  0.308531,  0.007715,  0.006336,  0.000000,  2.000000,  5.000000,  1.000000, 
				 27.730049,  119.757980, -11.761284, -0.203693,  0.378641, -0.902851, -0.545422,  0.721936,  0.425821,  0.813034,  0.579172,  0.059466,  0.410047,  0.944934,  0.658842,  0.338760,  0.002399,  0.000000,  0.000000,  2.000000,  1.000000,  0.000000, 
				 21.674030,  116.639076, -1.711594, -0.796538,  0.139136,  0.588360,  0.594446,  0.002733,  0.804131,  0.110276,  0.990270, -0.084886,  0.478754,  0.899341,  0.702022,  0.286108,  0.006423,  0.005446,  0.000000,  2.000000,  5.000000,  1.000000, 
				 33.301056,  101.462265, -0.269541, -0.225900, -0.957326,  0.180266,  0.916358, -0.146039,  0.372775, -0.330542,  0.249398,  0.910243,  0.428349,  0.846113,  0.652938,  0.335235,  0.008881,  0.002945,  0.000000,  1.000000,  3.000000,  4.000000, 
				 35.032696,  101.183113, -3.724041,  0.062993, -0.828107, -0.557019,  0.992472,  0.110713, -0.052356,  0.105026, -0.549528,  0.828848,  0.433108,  0.820487,  0.680506,  0.315333,  0.003085,  0.001076,  0.000000,  1.000000,  3.000000,  4.000000, 
				 37.170124,  103.230736,  0.032528,  0.447497, -0.857456,  0.253999,  0.848316,  0.496902,  0.182887, -0.283030,  0.133630,  0.949756,  0.456811,  0.842287,  0.820536,  0.179464,  0.000000,  0.000000,  0.000000,  1.000000,  0.000000,  0.000000, 
				 34.484867,  102.891869,  3.732730, -0.233183, -0.468711,  0.852018,  0.815429,  0.383119,  0.433930, -0.529812,  0.795946,  0.292864,  0.444885,  0.870760,  0.539539,  0.409776,  0.038821,  0.011864,  0.000000,  1.000000,  3.000000,  4.000000, 
				 38.056572,  105.086464,  3.663563,  0.529530, -0.077831,  0.844713,  0.647096,  0.680941, -0.342907, -0.548511,  0.728190,  0.410943,  0.472599,  0.865531,  0.533047,  0.414564,  0.040678,  0.011710,  0.000000,  1.000000,  3.000000,  4.000000, 
				 35.909409,  103.943123,  4.217265,  0.146687, -0.240319,  0.959547,  0.799006,  0.600657,  0.028290, -0.583157,  0.762534,  0.280125,  0.457159,  0.872103,  0.532118,  0.410489,  0.044277,  0.013115,  0.000000,  1.000000,  3.000000,  4.000000, 
				 41.143120,  105.290672,  0.260326,  0.984720, -0.079266,  0.155063,  0.063245,  0.992389,  0.105660, -0.162258, -0.094238,  0.982238,  0.486675,  0.837979,  0.520374,  0.450003,  0.022936,  0.006687,  0.000000,  1.000000,  3.000000,  4.000000, 
				 39.095676,  103.428787, -3.431173,  0.743782, -0.395711, -0.538703,  0.634535,  0.671356,  0.382944,  0.210126, -0.626653,  0.750435,  0.464172,  0.816603,  0.681659,  0.316682,  0.001659,  0.000000,  0.000000,  1.000000,  3.000000,  0.000000, 
				 37.308586,  102.200043, -4.153425,  0.420558, -0.628833, -0.653988,  0.881509,  0.453757,  0.130565,  0.214648, -0.631406,  0.745153,  0.448968,  0.814323,  0.720377,  0.278412,  0.001211,  0.000000,  0.000000,  1.000000,  3.000000,  0.000000, 
				 30.326674,  126.072334, -8.406638, -0.165711,  0.953488, -0.251796,  0.708793, -0.062372, -0.702654, -0.685677, -0.294909, -0.665490,  0.175872,  0.987303,  0.497515,  0.496817,  0.002949,  0.002718,  2.000000,  0.000000,  1.000000,  6.000000, 
				-4.979908,  182.216537,  4.216297, -0.488434,  0.718162,  0.495657,  0.069876, -0.534008,  0.842587, -0.869799, -0.446182, -0.210646,  0.786388,  0.316698,  0.497904,  0.497904,  0.004192,  0.000000,  8.000000,  9.000000,  10.000000,  0.000000, 
				-6.346763,  181.254242,  4.981733, -0.405130,  0.660825,  0.631807,  0.304691, -0.553964,  0.774782, -0.861994, -0.506393, -0.023080,  0.792711,  0.341724,  0.494594,  0.492987,  0.010251,  0.002168,  8.000000,  9.000000,  10.000000,  11.000000, 
				-4.234529,  181.011154,  6.089867, -0.614793,  0.519318,  0.593581, -0.006025, -0.755689,  0.654903, -0.788665, -0.399054, -0.467721,  0.807451,  0.308790,  0.498119,  0.492315,  0.008057,  0.001509,  8.000000,  9.000000,  10.000000,  11.000000, 
				-6.847772,  182.418991,  3.009073, -0.568863,  0.740964,  0.356886,  0.234852, -0.269518,  0.933919, -0.788188, -0.615087,  0.020698,  0.775687,  0.338475,  0.495921,  0.495921,  0.006623,  0.001536,  8.000000,  9.000000,  10.000000,  11.000000, 
				-6.024416,  180.078400,  5.829030, -0.392426,  0.076446,  0.916601,  0.327175, -0.919762,  0.216783, -0.859627, -0.384960, -0.335927,  0.804345,  0.346561,  0.506714,  0.475704,  0.014707,  0.002874,  8.000000,  9.000000,  10.000000,  11.000000, 
				-4.410821,  180.033142,  6.355895, -0.672243,  0.106863,  0.732578,  0.225259, -0.913086,  0.339900, -0.705229, -0.393515, -0.589744,  0.817172,  0.317024,  0.512571,  0.473931,  0.011455,  0.002043,  8.000000,  9.000000,  10.000000,  11.000000, 
				-5.642550,  179.642517,  4.917847, -0.533620, -0.232577,  0.813116,  0.357570, -0.933327, -0.032300, -0.766416, -0.273510, -0.581205,  0.818830,  0.347445,  0.525263,  0.461376,  0.011281,  0.002080,  8.000000,  9.000000,  10.000000,  11.000000, 
				-5.128932,  178.962708,  6.093325, -0.569607,  0.083783,  0.817636,  0.433757, -0.814341,  0.385622, -0.698142, -0.574308, -0.427513,  0.830739,  0.340848,  0.540567,  0.440344,  0.016274,  0.002815,  8.000000,  9.000000,  10.000000,  11.000000, 
				-3.716152,  178.826553,  6.644844, -0.599369, -0.254663,  0.758884,  0.539091, -0.829230,  0.147506, -0.591725, -0.497518, -0.634301,  0.828227,  0.318775,  0.551604,  0.431392,  0.014671,  0.002332,  8.000000,  9.000000,  10.000000,  11.000000, 
				-4.106011,  178.011261,  6.339922, -0.355753, -0.132732,  0.925107,  0.537317, -0.838958,  0.086255, -0.764677, -0.527761, -0.369781,  0.843752,  0.337707,  0.587055,  0.392359,  0.017866,  0.002720,  8.000000,  9.000000,  10.000000,  11.000000, 
				-5.138920,  177.082321,  5.702559, -0.521103, -0.259610,  0.813052,  0.601761, -0.787305,  0.134293, -0.605256, -0.559244, -0.566490,  0.850683,  0.357037,  0.625454,  0.346639,  0.024252,  0.003655,  8.000000,  9.000000,  10.000000,  11.000000, 
				-5.931761,  177.878906,  5.644675, -0.690702, -0.056516,  0.720928,  0.413050, -0.849140,  0.329166, -0.593566, -0.525135, -0.609847,  0.835006,  0.358059,  0.575704,  0.396958,  0.023380,  0.003958,  8.000000,  9.000000,  10.000000,  11.000000, 
				-6.197093,  178.829834,  4.629770, -0.081910, -0.157058,  0.984187,  0.512610, -0.853511, -0.093541, -0.854705, -0.496842, -0.150421,  0.818461,  0.365246,  0.549053,  0.432759,  0.015391,  0.002797,  8.000000,  9.000000,  10.000000,  11.000000, 
				-6.742460,  179.831085,  5.491370, -0.487699,  0.136515,  0.862272,  0.481601, -0.781742,  0.396158, -0.728156, -0.608476, -0.315509,  0.799633,  0.359807,  0.508934,  0.470139,  0.017419,  0.003507,  8.000000,  9.000000,  10.000000,  11.000000, 
				-7.533978,  177.811035,  4.985178, -0.061005, -0.249118,  0.966550,  0.949434, -0.313276, -0.020819, -0.307983, -0.916405, -0.255632,  0.795452,  0.386752,  0.558006,  0.404833,  0.031214,  0.005947,  8.000000,  9.000000,  10.000000,  11.000000, 
				-6.308044,  177.219574,  4.409278,  0.002579, -0.400357,  0.916356,  0.768368, -0.585681, -0.258047, -0.640003, -0.704764, -0.306111,  0.819897,  0.388214,  0.618296,  0.354336,  0.023499,  0.003869,  8.000000,  9.000000,  10.000000,  11.000000, 
				-5.825407,  176.297134,  4.919295, -0.789664, -0.302720,  0.533658,  0.533569, -0.768219,  0.353756, -0.302877, -0.564092, -0.768157,  0.839671,  0.389971,  0.663156,  0.302743,  0.029693,  0.004408,  8.000000,  9.000000,  10.000000,  11.000000, 
				-7.190580,  180.590836,  4.176693, -0.772640,  0.417723,  0.478053,  0.402677, -0.259690,  0.877732, -0.490795, -0.870671, -0.032440,  0.787068,  0.357336,  0.499092,  0.485267,  0.012873,  0.002768,  8.000000,  9.000000,  10.000000,  11.000000, 
				-7.786611,  178.773880,  4.896006, -0.787461,  0.268988,  0.554572,  0.516787, -0.202213,  0.831890, -0.335910, -0.941677, -0.020225,  0.791482,  0.377338,  0.527257,  0.441300,  0.026102,  0.005341,  8.000000,  9.000000,  10.000000,  11.000000, 
				-8.254077,  179.155609,  3.509611, -0.866288,  0.329031,  0.375877,  0.397641, -0.001245,  0.917540, -0.302367, -0.944318,  0.129758,  0.776898,  0.374339,  0.520722,  0.452237,  0.022230,  0.004812,  8.000000,  9.000000,  10.000000,  11.000000, 
				-8.842297,  177.066772,  3.813373, -0.931348,  0.001764,  0.364126,  0.363961,  0.034976,  0.930757,  0.011093, -0.999387,  0.033217,  0.776675,  0.396585,  0.566253,  0.380664,  0.044021,  0.009062,  8.000000,  9.000000,  10.000000,  11.000000, 
				-7.951399,  176.189178,  4.605281, -0.308044, -0.392797,  0.866498,  0.949468, -0.184520,  0.253895, -0.060157, -0.900923, -0.429788,  0.790008,  0.407111,  0.606676,  0.335779,  0.048746,  0.008799,  8.000000,  9.000000,  10.000000,  11.000000, 
				-6.273379,  175.545502,  3.407588,  0.481173, -0.502956,  0.717989,  0.785441, -0.116373, -0.607898, -0.389300, -0.856442, -0.339047,  0.822234,  0.419759,  0.719772,  0.244879,  0.030894,  0.004456,  8.000000,  9.000000,  10.000000,  11.000000, 
				-9.053703,  177.757065,  2.591748, -0.989394,  0.092225,  0.112222,  0.123860,  0.132062,  0.983472, -0.075880, -0.986942,  0.142085,  0.761721,  0.387976,  0.550918,  0.406072,  0.035294,  0.007715,  8.000000,  9.000000,  10.000000,  11.000000, 
				-8.744434,  175.849503,  1.154685, -0.985861, -0.099266, -0.134999, -0.151010,  0.177142,  0.972531,  0.072625, -0.979167,  0.189628,  0.740413,  0.406815,  0.630491,  0.311772,  0.048184,  0.009553,  8.000000,  9.000000,  10.000000,  11.000000, 
				-9.040398,  174.255219,  2.037446, -0.975761, -0.218128,  0.017601, -0.046100,  0.283515,  0.957859,  0.213927, -0.933830,  0.286698,  0.747506,  0.425974,  0.656650,  0.248763,  0.079675,  0.014912,  8.000000,  9.000000,  10.000000,  11.000000, 
				-8.052404,  174.138977,  3.950116, -0.192019, -0.376438,  0.906324,  0.754399,  0.534063,  0.381653,  0.627703, -0.757015, -0.181434,  0.779089,  0.435587,  0.674136,  0.236524,  0.076902,  0.012437,  8.000000,  9.000000,  10.000000,  11.000000, 
				-6.727002,  174.481293,  2.023975,  0.889143, -0.201687,  0.410789,  0.441459,  0.614535, -0.653805,  0.120580, -0.762672, -0.635446,  0.812769,  0.448458,  0.766605,  0.187676,  0.040090,  0.005628,  8.000000,  9.000000,  10.000000,  11.000000, 
				-6.906454,  172.752625,  1.884596,  0.986115,  0.002307,  0.166048,  0.119128,  0.686806, -0.717012,  0.115697, -0.726837, -0.676995,  0.800252,  0.464157,  0.798243,  0.125665,  0.067624,  0.008468,  8.000000,  9.000000,  10.000000,  11.000000, 
				-7.572515,  172.601105,  3.862662,  0.511177,  0.134388,  0.848904,  0.444739,  0.803827, -0.395056,  0.735463, -0.579485, -0.351130,  0.772373,  0.453673,  0.723764,  0.161707,  0.100699,  0.013829,  8.000000,  9.000000,  10.000000,  11.000000, 
				-8.659489,  172.663010,  2.486798, -0.954273, -0.281583, -0.100375, -0.225845,  0.459104,  0.859196,  0.195852, -0.842576,  0.501704,  0.749105,  0.443044,  0.694774,  0.177305,  0.109989,  0.017932,  8.000000,  9.000000,  10.000000,  11.000000, 
				-7.886015,  174.091507,  0.439031, -0.764984, -0.489195, -0.418912, -0.520055,  0.085497,  0.849843,  0.379923, -0.867974,  0.319812,  0.720950,  0.424665,  0.728906,  0.202149,  0.059183,  0.009761,  8.000000,  9.000000,  10.000000,  11.000000, 
				-7.484487,  172.413086,  1.118946, -0.562439, -0.464631, -0.683945, -0.700493, -0.171707,  0.692695,  0.439286, -0.868697,  0.228896,  0.725724,  0.442513,  0.777332,  0.127697,  0.083602,  0.011369,  8.000000,  9.000000,  10.000000,  11.000000, 
				-8.560474,  176.184067,  0.216112, -0.948448, -0.248304, -0.196957, -0.267643,  0.294665,  0.917355,  0.169746, -0.922777,  0.345931,  0.731588,  0.400257,  0.628505,  0.322029,  0.041140,  0.008326,  8.000000,  9.000000,  10.000000,  11.000000, 
				-6.811128,  174.006027, -2.150039, -0.773241, -0.630454, -0.068020, -0.383622,  0.379680,  0.841830,  0.504909, -0.677031,  0.535440,  0.686355,  0.416487,  0.773315,  0.171344,  0.047690,  0.007651,  8.000000,  9.000000,  10.000000,  11.000000, 
				-7.470924,  174.563141, -2.447336, -0.867569, -0.497267, -0.007124, -0.292600,  0.498804,  0.815831,  0.402132, -0.709874,  0.578247,  0.691415,  0.405038,  0.716825,  0.222079,  0.051593,  0.009503,  8.000000,  9.000000,  10.000000,  11.000000, 
				-9.154419,  179.048737,  0.597863, -0.985713,  0.163478, -0.040566, -0.005246,  0.210926,  0.977488, -0.168355, -0.963735,  0.207055,  0.747216,  0.372216,  0.520418,  0.449398,  0.024319,  0.005864,  8.000000,  9.000000,  10.000000,  11.000000, 
				-8.501151,  181.099075,  1.573911, -0.862725,  0.476478,  0.169333,  0.229716,  0.070970,  0.970667, -0.450484, -0.876317,  0.170682,  0.760415,  0.355716,  0.493254,  0.490218,  0.013268,  0.003260,  8.000000,  9.000000,  10.000000,  11.000000, 
				-7.570282,  169.997437,  2.669771, -0.650258, -0.372461, -0.662146, -0.733238,  0.079602,  0.675296,  0.198813, -0.924628,  0.324865,  0.732013,  0.462141,  0.736346,  0.167031,  0.077525,  0.019098,  8.000000,  10.000000,  9.000000,  11.000000, 
				-8.350386,  170.751648,  3.915675, -0.998241,  0.053398,  0.025770,  0.054992,  0.671333,  0.739113, -0.022166, -0.739230,  0.673089,  0.752432,  0.461914,  0.682514,  0.172527,  0.120654,  0.024305,  8.000000,  10.000000,  9.000000,  11.000000, 
				-7.536069,  170.482117,  4.580784,  0.755551,  0.035644,  0.654120,  0.538117,  0.535681, -0.650750,  0.373595, -0.843668, -0.385554,  0.761639,  0.466690,  0.701827,  0.172175,  0.105151,  0.020847,  8.000000,  10.000000,  9.000000,  11.000000, 
				-8.104206,  169.677612,  4.995890,  0.613403, -0.371198,  0.697100,  0.751720,  0.545085, -0.371214,  0.242185, -0.751727, -0.613394,  0.757432,  0.469734,  0.652226,  0.219575,  0.099292,  0.028907,  8.000000,  10.000000,  9.000000,  11.000000, 
				-8.597647,  169.904785,  4.509068, -0.854277,  0.517710, -0.046776,  0.248066,  0.485099,  0.838536, -0.456809, -0.704738,  0.542835,  0.752352,  0.468468,  0.646373,  0.214645,  0.108019,  0.030964,  8.000000,  10.000000,  9.000000,  11.000000, 
				-7.147317,  170.156570,  2.984283,  0.977123, -0.176472,  0.118694,  0.201501,  0.589667, -0.782107, -0.068030, -0.788131, -0.611736,  0.777694,  0.473521,  0.756257,  0.152593,  0.075012,  0.016139,  8.000000,  10.000000,  9.000000,  11.000000, 
				-8.327870,  169.002838,  3.236237, -0.673829,  0.254938, -0.693514, -0.619795,  0.315957,  0.718349, -0.402255, -0.913881,  0.054892,  0.736196,  0.470082,  0.663194,  0.232130,  0.074603,  0.030072,  8.000000,  10.000000,  9.000000,  11.000000, 
				-9.519742,  168.587524,  4.278176, -0.795096,  0.534013, -0.287494, -0.279292,  0.098381,  0.955153, -0.538348, -0.839733, -0.070924,  0.748072,  0.476581,  0.584927,  0.277887,  0.089980,  0.047206,  8.000000,  10.000000,  9.000000,  11.000000, 
				-9.159782,  167.796082,  3.380245, -0.449963,  0.324388, -0.832049, -0.855932,  0.109157,  0.505435, -0.254781, -0.939605, -0.228537,  0.738042,  0.480622,  0.589347,  0.298398,  0.065788,  0.046467,  8.000000,  10.000000,  9.000000,  11.000000, 
				-9.787876,  167.877548,  3.942124, -0.851705,  0.338014, -0.400430, -0.461191, -0.120703,  0.879053, -0.248799, -0.933369, -0.258693,  0.746172,  0.481307,  0.561601,  0.305332,  0.077828,  0.055239,  8.000000,  10.000000,  9.000000,  11.000000, 
				-9.446816,  167.213364,  3.285253, -0.104590,  0.240688, -0.964951, -0.985832, -0.153033,  0.068682,  0.131138, -0.958463, -0.253283,  0.740327,  0.486709,  0.561726,  0.323730,  0.059864,  0.054680,  8.000000,  10.000000,  9.000000,  11.000000, 
				-9.698891,  167.130142,  3.530203, -0.970020, -0.073344, -0.231693, -0.211487, -0.214918,  0.953459,  0.119725, -0.973874, -0.192964,  0.744436,  0.486698,  0.548154,  0.329820,  0.062566,  0.059460,  8.000000,  10.000000,  9.000000,  11.000000, 
				-9.480410,  166.570847,  3.119769, -0.568943, -0.306732, -0.763033, -0.705167, -0.295439,  0.644559,  0.423136, -0.904783,  0.048210,  0.743649,  0.490701,  0.541887,  0.346764,  0.060407,  0.050942,  8.000000,  10.000000,  11.000000,  9.000000, 
				-7.935757,  168.967484,  3.320527,  0.747210, -0.595274,  0.295512, -0.595724, -0.797036, -0.099231, -0.294603,  0.101897,  0.950172,  0.731844,  0.469678,  0.679732,  0.225154,  0.068524,  0.026590,  8.000000,  10.000000,  9.000000,  11.000000, 
				-7.147317,  170.156570,  2.984283,  0.977123, -0.176472,  0.118694, -0.145310, -0.961489, -0.233290, -0.155292, -0.210706,  0.965136,  0.725557,  0.463420,  0.756257,  0.152593,  0.075012,  0.016139,  8.000000,  10.000000,  9.000000,  11.000000, 
				-7.099161,  172.577301,  1.201534,  0.790589, -0.274025, -0.547612, -0.528151, -0.757698, -0.383340,  0.309880, -0.592287,  0.743755,  0.720387,  0.443188,  0.797563,  0.121384,  0.071797,  0.009256,  8.000000,  9.000000,  10.000000,  11.000000, 
				-7.099161,  172.577301,  1.201534,  0.790589, -0.274025, -0.547612, -0.151329,  0.779114, -0.608343, -0.593353, -0.563819, -0.574491,  0.807056,  0.470822,  0.797563,  0.121384,  0.071797,  0.009256,  8.000000,  9.000000,  10.000000,  11.000000, 
				-7.237984,  174.085175,  0.427665, -0.307957, -0.727714, -0.612858, -0.755510, -0.204459,  0.622415,  0.578244, -0.654698,  0.486831,  0.714579,  0.429675,  0.765358,  0.178887,  0.048446,  0.007310,  8.000000,  9.000000,  10.000000,  11.000000, 
				-6.660605,  173.965683, -1.897964, -0.664321, -0.718757, -0.205099, -0.523904,  0.252054,  0.813630,  0.533107, -0.647964,  0.544004,  0.687757,  0.420108,  0.787103,  0.161351,  0.044656,  0.006890,  8.000000,  9.000000,  10.000000,  11.000000, 
				-6.505125,  173.015045, -1.585531, -0.913543, -0.308818, -0.264709, -0.365541,  0.337933,  0.867284,  0.178379, -0.889063,  0.421602,  0.683940,  0.433108,  0.820987,  0.118129,  0.053513,  0.007371,  8.000000,  9.000000,  10.000000,  11.000000, 
				-7.058738,  172.916428,  0.709680, -0.958222, -0.168129, -0.231396, -0.282689,  0.433434,  0.855700,  0.043573, -0.885363,  0.462854,  0.710623,  0.449897,  0.799439,  0.128810,  0.063308,  0.008444,  8.000000,  9.000000,  10.000000,  11.000000, 
				-6.594265,  172.134842, -0.911163, -0.968188, -0.097175, -0.230584, -0.248930,  0.467629,  0.848149, -0.025409, -0.878567,  0.476943,  0.685572,  0.448483,  0.832484,  0.091699,  0.067416,  0.008402,  8.000000,  9.000000,  10.000000,  11.000000, 
				-6.883840,  171.939499,  0.457870, -0.968188, -0.097175, -0.230584, -0.248968,  0.466323,  0.848857, -0.025039, -0.879261,  0.475682,  0.700624,  0.460785,  0.819344,  0.093988,  0.077341,  0.009327,  8.000000,  9.000000,  10.000000,  11.000000, 
				-5.322655,  173.481293, -2.649410, -0.259742, -0.813919,  0.519683, -0.689959,  0.532938,  0.489830,  0.675641,  0.231331,  0.699997,  0.662519,  0.429483,  0.856344,  0.105036,  0.034159,  0.004462,  8.000000,  9.000000,  10.000000,  11.000000, 
				-6.552195,  173.623993, -2.900247, -0.480017, -0.763572,  0.431904, -0.433802,  0.634532,  0.639676,  0.762496, -0.119695,  0.635825,  0.672395,  0.414649,  0.781371,  0.156733,  0.053396,  0.008500,  8.000000,  9.000000,  10.000000,  11.000000, 
				-7.552709,  173.952057, -3.551292, -0.748164, -0.475050,  0.463226, -0.176339,  0.815393,  0.551398,  0.639653, -0.330851,  0.693817,  0.675492,  0.398227,  0.707343,  0.210000,  0.069181,  0.013477,  8.000000,  9.000000,  10.000000,  11.000000, 
				-8.549442,  177.032608, -0.244488, -0.972599, -0.218627, -0.079085, -0.168280,  0.427288,  0.888317,  0.160418, -0.877284,  0.452370,  0.730464,  0.389349,  0.597169,  0.362976,  0.032841,  0.007014,  8.000000,  9.000000,  10.000000,  11.000000, 
				-8.767214,  179.124588, -0.170954, -0.995646,  0.086284, -0.035266, -0.004766,  0.330719,  0.943717, -0.093091, -0.939777,  0.328868,  0.739971,  0.369250,  0.523731,  0.450352,  0.020922,  0.004994,  8.000000,  9.000000,  10.000000,  11.000000, 
				-8.151918,  175.667587, -3.004180, -0.925092, -0.350796,  0.145420, -0.120120,  0.633599,  0.764280,  0.360244, -0.689562,  0.628275,  0.696182,  0.388233,  0.641202,  0.299534,  0.048677,  0.010587,  8.000000,  9.000000,  10.000000,  11.000000, 
				-4.362235,  183.769577,  1.591986, -0.583698,  0.751843,  0.306642,  0.113135, -0.298661,  0.947630, -0.804051, -0.587822, -0.089267,  0.764846,  0.312211,  0.499343,  0.499343,  0.001313,  0.000000,  8.000000,  9.000000,  10.000000,  0.000000, 
				-4.756132,  184.036896, -0.163381, -0.357883,  0.933582, -0.018578,  0.055322,  0.041059,  0.997624, -0.932126, -0.356005,  0.066342,  0.750858,  0.314563,  0.499260,  0.499260,  0.001479,  0.000000,  8.000000,  9.000000,  10.000000,  0.000000, 
				-5.789016,  183.547287,  0.246070, -0.470272,  0.880469,  0.060160,  0.109868, -0.009229,  0.993903, -0.875656, -0.474014,  0.092395,  0.753140,  0.323197,  0.498688,  0.498688,  0.002625,  0.000000,  8.000000,  9.000000,  10.000000,  0.000000, 
				-8.716053,  176.549530, -3.346585, -0.998457, -0.053507,  0.014822, -0.016999,  0.548743,  0.835818,  0.052856, -0.834277,  0.548806,  0.700561,  0.376879,  0.588869,  0.353712,  0.046184,  0.011235,  8.000000,  9.000000,  10.000000,  11.000000, 
				-8.265329,  175.232971, -4.111418, -0.986381, -0.142559,  0.082032, -0.064924,  0.795722,  0.602173,  0.151120, -0.588646,  0.794140,  0.684085,  0.382213,  0.631963,  0.291387,  0.062204,  0.014447,  8.000000,  9.000000,  10.000000,  11.000000, 
				-8.513905,  181.278809, -1.860803, -0.972253,  0.233769,  0.008741,  0.092107,  0.348191,  0.932888, -0.215037, -0.907808,  0.360062,  0.732387,  0.346953,  0.492226,  0.491054,  0.013188,  0.003533,  8.000000,  9.000000,  10.000000,  11.000000, 
				-8.795975,  177.149109, -5.714405, -0.994025,  0.080683, -0.073515,  0.001385,  0.682775,  0.730628, -0.109143, -0.726160,  0.678807,  0.688631,  0.359530,  0.541885,  0.390214,  0.052813,  0.015089,  8.000000,  9.000000,  10.000000,  11.000000, 
				-7.837375,  181.351883,  0.885847, -0.828414,  0.553932,  0.083006,  0.154088,  0.082904,  0.984573, -0.538505, -0.828424,  0.154033,  0.754817,  0.349309,  0.494631,  0.493806,  0.009322,  0.002241,  8.000000,  9.000000,  10.000000,  11.000000, 
				-6.419554,  182.540527,  2.113068, -0.519890,  0.811889,  0.265614,  0.088916, -0.257817,  0.962094, -0.849593, -0.523800, -0.061846,  0.767995,  0.333229,  0.497179,  0.497179,  0.004589,  0.001054,  8.000000,  9.000000,  10.000000,  11.000000, 
				-2.176698,  165.199829, -13.633352, -0.514078, -0.060181, -0.855630, -0.214168,  0.974946,  0.060103, -0.830575, -0.214146,  0.514087,  0.568222,  0.311437,  0.379926,  0.332618,  0.171339,  0.116117,  8.000000,  10.000000,  11.000000,  6.000000, 
				-2.450161,  170.500259, -13.119080, -0.305296,  0.041306, -0.951361, -0.135348,  0.987033,  0.086289, -0.942590, -0.155109,  0.295746,  0.613031,  0.306845,  0.503011,  0.240316,  0.176285,  0.080388,  8.000000,  10.000000,  9.000000,  11.000000, 
				 0.098551,  164.888855, -14.539457,  0.038571,  0.003369, -0.999250, -0.071449,  0.997444,  0.000605, -0.996698, -0.071372, -0.038714,  0.562325,  0.290278,  0.358404,  0.323974,  0.160190,  0.157431,  8.000000,  10.000000,  6.000000,  11.000000, 
				-5.065402,  170.264099, -12.021564, -0.549202, -0.007209, -0.835659, -0.198977,  0.972333,  0.122381, -0.811656, -0.233489,  0.535442,  0.616709,  0.328347,  0.504041,  0.242009,  0.164130,  0.089820,  8.000000,  10.000000,  9.000000,  11.000000, 
				-4.871724,  182.410355,  3.507062, -0.472169,  0.852618,  0.223828, -0.169784, -0.337122,  0.926025, -0.865003, -0.399237, -0.303940,  0.779898,  0.316785,  0.498478,  0.498478,  0.003044,  0.000000,  8.000000,  9.000000,  10.000000,  0.000000, 
				-4.024933,  183.339218,  2.928532, -0.753908,  0.639281,  0.151466, -0.137057, -0.378517,  0.915391, -0.642524, -0.669361, -0.372985,  0.775225,  0.309682,  0.499219,  0.499219,  0.001562,  0.000000,  8.000000,  9.000000,  10.000000,  0.000000, 
				-6.168695,  183.213242,  1.105536, -0.546881,  0.778324,  0.308437,  0.207902, -0.230618,  0.950575, -0.810986, -0.583976,  0.035694,  0.759578,  0.327803,  0.498297,  0.498297,  0.003407,  0.000000,  8.000000,  9.000000,  10.000000,  0.000000, 
				-7.747643,  182.398849, -0.561458, -0.806134,  0.572107,  0.151132,  0.235746,  0.076251,  0.968819, -0.542744, -0.816627,  0.196341,  0.744387,  0.339387,  0.495245,  0.495245,  0.007561,  0.001949,  8.000000,  9.000000,  10.000000,  11.000000, 
				-7.205135,  182.625687, -1.285995, -0.592852,  0.802574, -0.066335,  0.121122,  0.170299,  0.977920, -0.796150, -0.571728,  0.198172,  0.739941,  0.333893,  0.496221,  0.496221,  0.006015,  0.001543,  8.000000,  9.000000,  10.000000,  11.000000, 
				-6.306224,  174.402023, -11.011848, -0.665654,  0.074912, -0.742491, -0.219447,  0.931309,  0.290699, -0.713266, -0.356442,  0.603491,  0.648563,  0.330901,  0.525807,  0.301797,  0.128735,  0.043662,  8.000000,  9.000000,  10.000000,  11.000000, 
				-6.342116,  169.995651, -10.965814, -0.802018, -0.127436, -0.583547, -0.259675,  0.954208,  0.148513, -0.537899, -0.270643,  0.798384,  0.618693,  0.341477,  0.510234,  0.245596,  0.151325,  0.092845,  8.000000,  10.000000,  9.000000,  11.000000, 
				-8.172556,  173.552399, -8.533957, -0.914275, -0.029893, -0.403990, -0.193291,  0.908618,  0.370206, -0.356006, -0.416558,  0.836504,  0.652023,  0.354178,  0.558600,  0.261506,  0.135998,  0.043895,  8.000000,  9.000000,  10.000000,  11.000000, 
				-8.256256,  181.266937, -2.864699, -0.864303,  0.473404, -0.169908,  0.047110,  0.412517,  0.909731, -0.500760, -0.778279,  0.378842,  0.725199,  0.343085,  0.492149,  0.490890,  0.013336,  0.003626,  8.000000,  9.000000,  10.000000,  11.000000, 
				-6.145410,  183.304596, -3.388654, -0.466143,  0.877020, -0.116393,  0.119611,  0.192827,  0.973915, -0.876586, -0.440062,  0.194786,  0.727449,  0.322095,  0.496845,  0.496845,  0.004988,  0.001323,  8.000000,  9.000000,  10.000000,  11.000000, 
				-7.314499,  181.999451, -4.776031, -0.807001,  0.530426, -0.259612,  0.013960,  0.456621,  0.889552, -0.590386, -0.714245,  0.375898,  0.715377,  0.330601,  0.492407,  0.492407,  0.011840,  0.003347,  8.000000,  9.000000,  10.000000,  11.000000, 
				-8.322758,  178.756195, -7.081440, -0.855593,  0.383856, -0.347298, -0.016197,  0.650733,  0.759134, -0.517396, -0.655134,  0.550546,  0.689205,  0.342358,  0.503182,  0.442168,  0.041775,  0.012876,  8.000000,  9.000000,  10.000000,  11.000000, 
				-5.404696,  183.193527, -5.967798, -0.375924,  0.894362, -0.242482,  0.081256,  0.292483,  0.952812, -0.923081, -0.338481,  0.182623,  0.712093,  0.314795,  0.494911,  0.494911,  0.007951,  0.002227,  8.000000,  9.000000,  10.000000,  11.000000, 
				-6.327896,  181.862228, -7.288965, -0.689826,  0.541471, -0.480572, -0.057460,  0.620754,  0.781897, -0.721692, -0.566987,  0.397099,  0.701115,  0.321006,  0.489159,  0.489159,  0.016709,  0.004974,  8.000000,  9.000000,  10.000000,  11.000000, 
				-3.546216,  183.996445, -4.186230, -0.422373,  0.880827, -0.213883,  0.008716,  0.239900,  0.970758, -0.906380, -0.408158,  0.109005,  0.724748,  0.303849,  0.498864,  0.498864,  0.002272,  0.000000,  8.000000,  9.000000,  10.000000,  0.000000, 
				-4.357760,  182.600174, -8.294800, -0.403769,  0.700630, -0.588293, -0.045821,  0.626746,  0.777875, -0.913713, -0.341037,  0.220957,  0.698831,  0.307652,  0.491084,  0.491084,  0.013815,  0.004017,  8.000000,  9.000000,  10.000000,  11.000000, 
				-2.926270,  183.287476, -7.028449, -0.286513,  0.847342, -0.447127, -0.021988,  0.460754,  0.887256, -0.957824, -0.264042,  0.113380,  0.707028,  0.299545,  0.495850,  0.495850,  0.006562,  0.001738,  8.000000,  9.000000,  10.000000,  11.000000, 
