{
	"version": "0.7", 
	"id": "", 
	"meshes": [
		{
			"attributes": [{
					"size":   3, 
					"type": "GL_FLOAT", 
					"attribute": "VERTEX_ATTRIB_POSITION"
				}, {
					"size":   3, 
					"type": "GL_FLOAT", 
					"attribute": "VERTEX_ATTRIB_NORMAL"
				}, {
					"size":   3, 
					"type": "GL_FLOAT", 
					"attribute": "VERTEX_ATTRIB_TANGENT"
				}, {
					"size":   3, 
					"type": "GL_FLOAT", 
					"attribute": "VERTEX_ATTRIB_BINORMAL"
				}, {
					"size":   2, 
					"type": "GL_FLOAT", 
					"attribute": "VERTEX_ATTRIB_TEX_COORD"
				}], 
			"vertices": [
				-14.834797,  138.228210, -0.893267,  0.768073,  0.147566,  0.623127,  0.605180, -0.485374, -0.631007,  0.209335,  0.861763, -0.462107,  0.338394,  0.984019, 
				-18.310368,  138.240662,  0.158740, -0.143519, -0.065699,  0.987464,  0.820208, -0.566224,  0.081537,  0.553769,  0.821629,  0.135151,  0.321273,  0.970204, 
				-15.566591,  136.494141, -0.969364,  0.553919, -0.294272,  0.778831,  0.668345, -0.400663, -0.626725,  0.496477,  0.867683, -0.025260,  0.338394,  0.970204, 
				-17.333538,  140.414978,  0.170503,  0.310393,  0.432104,  0.846724,  0.778391, -0.626828,  0.034542,  0.545677,  0.648361, -0.530909,  0.321273,  0.984019, 
				-20.055454,  125.992088, -1.845377,  0.323760, -0.174272,  0.929951,  0.864838, -0.344106, -0.365576,  0.383711,  0.922616,  0.039309,  0.335637,  0.908678, 
				-25.956211,  124.074623, -2.673238, -0.505083,  0.277241,  0.817330,  0.771783, -0.278802,  0.571507,  0.386318,  0.919460, -0.073152,  0.301370,  0.885655, 
				-21.496246,  122.031723, -2.063759,  0.236236, -0.028159,  0.971288,  0.900388, -0.369509, -0.229704,  0.365367,  0.928801, -0.061937,  0.337664,  0.884361, 
				-24.047636,  127.984917, -2.247756, -0.584635,  0.172609,  0.792722,  0.730002, -0.314399,  0.606837,  0.353977,  0.933466,  0.057804,  0.304937,  0.910936, 
				-27.753504,  103.471413,  2.599741,  0.285350,  0.248735,  0.925584,  0.900926, -0.399074, -0.170504,  0.326966,  0.882537, -0.337968,  0.349014,  0.769439, 
				-33.490707,  105.819283,  3.303544,  0.139342,  0.396507,  0.907395,  0.927656, -0.372874,  0.020482,  0.346465,  0.838896, -0.419779,  0.310902,  0.768647, 
				-30.217463,  97.904915,  4.988574,  0.323224,  0.257865,  0.910512,  0.901999, -0.374963, -0.214009,  0.286223,  0.890454, -0.353791,  0.345299,  0.732871, 
				-30.502327,  110.412163,  1.240128,  0.027477,  0.344955,  0.938217,  0.909856, -0.397358,  0.119450,  0.414013,  0.850361, -0.324778,  0.315307,  0.801219, 
				-23.523211,  92.359779,  3.951164,  0.502710,  0.164598,  0.848640,  0.822092, -0.394579, -0.410453,  0.267296,  0.903999, -0.333674,  0.396673,  0.716996, 
				-25.885691,  85.604218,  6.073816,  0.439299,  0.136959,  0.887839,  0.853186, -0.373002, -0.364613,  0.281229,  0.917666, -0.280711,  0.393642,  0.675295, 
				-18.669487,  93.380936, -0.879565,  0.886769,  0.087221,  0.453908,  0.436425, -0.481433, -0.760103,  0.152229,  0.872133, -0.464985,  0.433145,  0.738638, 
				-19.718500,  82.321945,  2.110744,  0.810128,  0.045142,  0.584512,  0.546514, -0.418982, -0.725105,  0.212168,  0.906872, -0.364100,  0.438403,  0.673986, 
				-21.716648,  101.778633,  0.213464,  0.584244,  0.160982,  0.795452,  0.764117, -0.439374, -0.472309,  0.273468,  0.883762, -0.379711,  0.391503,  0.776041, 
				-27.095413,  121.666672, -2.408579, -0.402878,  0.384685,  0.830486,  0.811506, -0.269482,  0.518496,  0.423258,  0.882835, -0.203606,  0.300977,  0.870607, 
				-22.919741,  118.458000, -1.918158,  0.238223,  0.123058,  0.963383,  0.900284, -0.400089, -0.171515,  0.364332,  0.908177, -0.206097,  0.340197,  0.863367, 
				-19.359200,  119.490013, -3.819981,  0.793765, -0.084835,  0.602279,  0.550017, -0.322608, -0.770328,  0.259651,  0.942723, -0.209414,  0.362886,  0.876244, 
				-20.392937,  113.473740, -2.728755,  0.681619,  0.073005,  0.728056,  0.681820, -0.424478, -0.595768,  0.265550,  0.902490, -0.339109,  0.373103,  0.845933, 
				-18.738239,  109.207542, -4.894552,  0.970108,  0.040335,  0.239299,  0.225581, -0.513420, -0.827958,  0.089465,  0.857189, -0.507171,  0.403062,  0.831996, 
				-18.299358,  124.269737, -4.095828,  0.850672, -0.231637,  0.471912,  0.431243, -0.205900, -0.878427,  0.300643,  0.950763, -0.075261,  0.356472,  0.902965, 
				-13.089389,  136.763443, -4.861419,  0.962386, -0.016117,  0.271206,  0.264969, -0.164898, -0.950053,  0.060033,  0.986179, -0.154425,  0.362176,  0.984019, 
				-13.827865,  135.260391, -4.712652,  0.853907, -0.407105,  0.324204,  0.276854, -0.172152, -0.945365,  0.440675,  0.897011, -0.034293,  0.362176,  0.970204, 
				-12.560652,  136.621719, -9.030592,  0.983441,  0.006193, -0.181125, -0.180775, -0.037336, -0.982816, -0.012849,  0.999284, -0.035598,  0.391843,  0.984019, 
				-13.324735,  134.953705, -9.096430,  0.891749, -0.400390, -0.210882, -0.191724,  0.087838, -0.977510,  0.409909,  0.912125,  0.001565,  0.391843,  0.970204, 
				-17.892286,  122.674011, -7.808880,  0.951487, -0.273939, -0.140108, -0.173322, -0.100947, -0.979678,  0.254229,  0.956435, -0.143529,  0.390620,  0.897209, 
				-18.769600,  117.290413, -6.944625,  0.979552, -0.129069, -0.154337, -0.190774, -0.352199, -0.916276,  0.063905,  0.926983, -0.369620,  0.395127,  0.870158, 
				-19.022327,  108.798988, -6.161909,  0.930331, -0.026760, -0.365742, -0.325215, -0.521083, -0.789118, -0.169465,  0.853086, -0.493483,  0.411979,  0.833721, 
				-17.659948,  91.534943, -5.059348,  0.977219,  0.026560, -0.210564, -0.170598, -0.491885, -0.853783, -0.126250,  0.870255, -0.476148,  0.463510,  0.740653, 
				-17.657116,  75.078056, -3.516568,  0.999475, -0.021407, -0.024306, -0.030704, -0.387320, -0.921434,  0.010311,  0.921697, -0.387774,  0.481011,  0.648882, 
				-21.717607,  70.244179,  4.668450,  0.721694,  0.000841,  0.692211,  0.641305, -0.377212, -0.668161,  0.260548,  0.926127, -0.272771,  0.435033,  0.605085, 
				-18.832348,  57.717651, -2.775700,  0.984530, -0.120032,  0.127642,  0.088024, -0.291052, -0.952649,  0.151499,  0.949148, -0.275984,  0.494707,  0.552555, 
				-17.659948,  91.534943, -5.059348,  0.977219,  0.026560, -0.210564, -0.204354,  0.385577, -0.899761,  0.057291,  0.922293,  0.382221,  0.078216,  0.745802, 
				-17.657116,  75.078056, -3.516568,  0.999475, -0.021407, -0.024306, -0.016426,  0.311746, -0.950024,  0.027914,  0.949924,  0.311231,  0.043410,  0.653647, 
				-19.837090,  76.172699, -8.917568,  0.606024,  0.010227, -0.795381, -0.744637,  0.358935, -0.562745,  0.279734,  0.933307,  0.225138,  0.082525,  0.648567, 
				-20.831440,  93.841888, -8.706360,  0.566432,  0.002927, -0.824104, -0.764909,  0.374034, -0.524417,  0.306708,  0.927410,  0.214103,  0.114424,  0.748334, 
				-25.360113,  111.572418, -0.037130,  0.279409,  0.222883,  0.933945,  0.892797, -0.418245, -0.167286,  0.353332,  0.880565, -0.315851,  0.343764,  0.821865, 
				-29.494438,  117.040131, -0.952631, -0.318662,  0.436554,  0.841353,  0.850878, -0.259392,  0.456861,  0.417685,  0.861473, -0.288796,  0.301156,  0.842477, 
				-19.978731,  59.755730, -8.786366,  0.704633, -0.052524, -0.707625, -0.650443,  0.350736, -0.673727,  0.283577,  0.935000,  0.212977,  0.059644,  0.556376, 
				-18.832348,  57.717651, -2.775700,  0.984530, -0.120032,  0.127642,  0.149403,  0.194517, -0.969455,  0.091537,  0.973527,  0.209441,  0.018032,  0.554288, 
				-28.183891,  84.403191, -10.135872, -0.139473,  0.060149, -0.988397, -0.934168,  0.323083,  0.151482,  0.328446,  0.944457,  0.011128,  0.144245,  0.679185, 
				-25.777622,  90.229721, -10.028074,  0.023053,  0.055107, -0.998214, -0.938302,  0.345808, -0.002579,  0.345048,  0.936686,  0.059679,  0.138954,  0.717038, 
				-23.689352,  72.016357, -10.973817,  0.224711,  0.026414, -0.974067, -0.921185,  0.331662, -0.203517,  0.317685,  0.943028,  0.098860,  0.104033,  0.616728, 
				-18.769600,  117.290413, -6.944625,  0.979552, -0.129069, -0.154337, -0.113358,  0.279697, -0.953373,  0.166218,  0.951373,  0.259346,  0.155414,  0.879637, 
				-19.022327,  108.798988, -6.161909,  0.930331, -0.026760, -0.365742, -0.328230,  0.384029, -0.863010,  0.163550,  0.922933,  0.348491,  0.133292,  0.841478, 
				-21.693188,  110.322731, -9.090429,  0.535154, -0.091970, -0.839733, -0.758520,  0.385232, -0.525589,  0.371831,  0.918225,  0.136397,  0.162742,  0.841043, 
				-21.078545,  117.862938, -10.660598,  0.548921, -0.215424, -0.807638, -0.714399,  0.380719, -0.587101,  0.433958,  0.899247,  0.055086,  0.185977,  0.876442, 
				-17.892286,  122.674011, -7.808880,  0.951487, -0.273939, -0.140108, -0.086110,  0.200085, -0.975987,  0.295394,  0.940704,  0.166789,  0.171369,  0.907178, 
				-19.473354,  123.131126, -11.426980,  0.560043, -0.253660, -0.788675, -0.679404,  0.404148, -0.612434,  0.474091,  0.878818,  0.054003,  0.197171,  0.903527, 
				-24.316278,  119.384651, -11.656459, -0.127959, -0.096846, -0.987040, -0.868529,  0.491440,  0.064376,  0.478836,  0.865510, -0.146998,  0.211069,  0.875900, 
				-22.655661,  124.560127, -12.399405, -0.178046, -0.024912, -0.983707, -0.856053,  0.496898,  0.142358,  0.485255,  0.867452, -0.109797,  0.219154,  0.902169, 
				-24.465500,  112.877831, -10.455129,  0.063256, -0.129158, -0.989604, -0.887228,  0.446763, -0.115021,  0.456974,  0.885280, -0.086332,  0.189621,  0.846936, 
				-24.711748,  101.039871, -9.583275,  0.006862, -0.017777, -0.999818, -0.916524,  0.399756, -0.013398,  0.399922,  0.916449, -0.013550,  0.157934,  0.780744, 
				-26.728657,  115.379692, -10.626245, -0.299529, -0.052404, -0.952647, -0.840405,  0.487178,  0.237439,  0.451666,  0.871729, -0.189964,  0.211714,  0.852931, 
				-31.362938,  105.710167, -8.392539, -0.443171,  0.011501, -0.896363, -0.803632,  0.437965,  0.402943,  0.397210,  0.898919, -0.184851,  0.211697,  0.789874, 
				-28.978792,  111.109283, -9.662544, -0.353022, -0.018117, -0.935440, -0.829826,  0.467878,  0.304103,  0.432162,  0.883607, -0.180205,  0.212311,  0.825990, 
				-28.225672,  96.943115, -9.304087, -0.241901,  0.022576, -0.970038, -0.898515,  0.372167,  0.232727,  0.366271,  0.927891, -0.069743,  0.169746,  0.749825, 
				-33.814316,  101.655479, -6.883122, -0.501150,  0.047296, -0.864067, -0.784814,  0.395829,  0.476850,  0.364576,  0.917106, -0.161251,  0.217460,  0.761830, 
				-31.386459,  94.001480, -8.469414, -0.369873,  0.043097, -0.928082, -0.868024,  0.340124,  0.361732,  0.331252,  0.939393, -0.088393,  0.182859,  0.726771, 
				-36.527756,  99.130470, -5.427570, -0.815946, -0.105561, -0.568409, -0.556103,  0.412102,  0.721748,  0.158054,  0.905002, -0.394956,  0.229132,  0.742543, 
				-34.047981,  91.575012, -7.311816, -0.767136, -0.114742, -0.631139, -0.620101,  0.384553,  0.683808,  0.164245,  0.915944, -0.366156,  0.195540,  0.707954, 
				-33.357647,  111.931007, -6.617802, -0.764407,  0.211587, -0.609027, -0.473690,  0.456505,  0.753140,  0.437379,  0.864195, -0.248729,  0.246115,  0.814797, 
				-36.141602,  107.154961, -4.849595, -0.729878,  0.264016, -0.630535, -0.494601,  0.432745,  0.753725,  0.471856,  0.861990, -0.185268,  0.248698,  0.781815, 
				-38.239082,  104.916527, -3.648252, -0.912860,  0.061037, -0.403684, -0.350735,  0.388865,  0.851921,  0.208977,  0.919271, -0.333572,  0.254410,  0.765795, 
				-36.584541,  109.309677, -1.511827, -0.819719,  0.568062, -0.073255,  0.108692,  0.279851,  0.953871,  0.562358,  0.773944, -0.291143,  0.271870,  0.785816, 
				-38.548409,  106.712479, -0.713182, -0.964647,  0.263409, -0.008435,  0.068490,  0.281471,  0.957122,  0.254489,  0.922708, -0.289561,  0.271259,  0.769346, 
				-35.799099,  109.061081,  1.886332, -0.429194,  0.638370,  0.638965,  0.757535, -0.130833,  0.639549,  0.491867,  0.758529, -0.427435,  0.290835,  0.780492, 
				-37.782402,  106.704178,  2.655499, -0.737933,  0.321618,  0.593310,  0.623765, -0.010567,  0.781540,  0.257627,  0.946810, -0.192817,  0.287287,  0.765971, 
				-35.448448,  103.825890,  4.891842, -0.297980,  0.214206,  0.930228,  0.903343, -0.251674,  0.347321,  0.308512,  0.943810, -0.118508,  0.304125,  0.753084, 
				-33.723743,  113.819443, -3.520057, -0.854325,  0.519599,  0.012086,  0.153173,  0.229490,  0.961183,  0.496656,  0.823013, -0.275648,  0.270209,  0.818364, 
				-32.539791,  113.576347, -0.625532, -0.474019,  0.547935,  0.689256,  0.745809, -0.166255,  0.645079,  0.468054,  0.819833, -0.329847,  0.291443,  0.815010, 
				-29.449284,  121.915703, -6.034461, -0.866370,  0.496855,  0.050374,  0.141798,  0.148022,  0.978766,  0.478848,  0.855117, -0.198695,  0.268853,  0.869686, 
				-28.261871,  123.855820, -6.618360, -0.884678,  0.465386,  0.027589,  0.096810,  0.125500,  0.987359,  0.456041,  0.876165, -0.156081,  0.267852,  0.881678, 
				-28.370783,  83.745941,  7.425893, -0.098403, -0.039912,  0.994346,  0.904182, -0.420934,  0.072584,  0.415657,  0.906213,  0.077509,  0.381478,  0.659767, 
				-23.695621,  67.617493,  5.975697,  0.119379, -0.218951,  0.968405,  0.826804, -0.518082, -0.219058,  0.549676,  0.826833,  0.119181,  0.425739,  0.586666, 
				-27.949875,  121.155563, -9.811456, -0.691860,  0.247711, -0.678210, -0.543675,  0.439379,  0.715097,  0.475129,  0.863473, -0.169315,  0.240631,  0.873651, 
				-29.064610,  119.383682, -9.346828, -0.694297,  0.224054, -0.683924, -0.545895,  0.455318,  0.703337,  0.468988,  0.861676, -0.193816,  0.241237,  0.863355, 
				-31.624744,  117.990067, -4.856956, -0.862844,  0.500976,  0.067258,  0.172558,  0.166873,  0.970761,  0.475104,  0.849221, -0.230432,  0.269767,  0.847152, 
				-31.200598,  115.880142, -8.171142, -0.740979,  0.207746, -0.638586, -0.505173,  0.454086,  0.733898,  0.442437,  0.866399, -0.231520,  0.243530,  0.842563, 
				-20.346905,  133.288452, -0.640536, -0.291349, -0.032581,  0.956062,  0.860993, -0.444486,  0.247231,  0.416901,  0.895193,  0.157553,  0.318407,  0.947996, 
				-22.583038,  134.297272, -2.859300, -0.809149,  0.174609,  0.561061,  0.487360, -0.333993,  0.806802,  0.328265,  0.926261,  0.185153,  0.297648,  0.946906, 
				-25.973787,  128.002029, -6.661769, -0.919771,  0.392377,  0.007844,  0.033382,  0.058305,  0.997741,  0.391033,  0.917955, -0.066725,  0.271049,  0.906953, 
				-25.587362,  126.189323, -10.263165, -0.729368,  0.264292, -0.631009, -0.526070,  0.372976,  0.764290,  0.437347,  0.889403, -0.133001,  0.244450,  0.901204, 
				-21.058868,  140.271103, -1.537455, -0.753582,  0.089196,  0.651274,  0.544822, -0.469604,  0.694723,  0.367808,  0.878360,  0.305289,  0.302684,  0.970204, 
				-20.324108,  142.631516, -1.160649, -0.216943,  0.672082,  0.707984,  0.610613, -0.472430,  0.635580,  0.761635,  0.570189, -0.307892,  0.302684,  0.984019, 
				-22.648451,  141.655792, -5.430940, -0.987951,  0.142863,  0.059528,  0.045404, -0.100165,  0.993934,  0.147959,  0.984661,  0.092472,  0.279330,  0.970204, 
				-23.479757,  134.366745, -7.125227, -0.970802,  0.239873, -0.001960, -0.000273,  0.007067,  0.999975,  0.239881,  0.970779, -0.006795,  0.269699,  0.944314, 
				-22.220774,  144.231567, -4.822188, -0.564748,  0.815050,  0.129435,  0.137762, -0.061533,  0.988552,  0.813684,  0.576114, -0.077532,  0.279330,  0.984019, 
				-21.260796,  143.302795, -9.785387, -0.411530,  0.732882, -0.541782, -0.444865,  0.357298,  0.821239,  0.795449,  0.578984,  0.178994,  0.253089,  0.984019, 
				-21.479954,  140.911469, -10.107416, -0.813279,  0.170329, -0.556386, -0.482769,  0.336267,  0.808615,  0.324825,  0.926236, -0.191249,  0.253089,  0.970204, 
				-18.090340,  141.005386, -12.643392,  0.054236,  0.531096, -0.845574, -0.757105,  0.573998,  0.311960,  0.651038,  0.623269,  0.433227,  0.230895,  0.984019, 
				-18.684799,  138.821167, -12.752571, -0.295983,  0.075698, -0.952189, -0.782046,  0.553167,  0.287071,  0.548451,  0.829624, -0.104529,  0.230895,  0.970204, 
				-14.551749,  138.248337, -12.681562,  0.651992,  0.240456, -0.719088, -0.699046,  0.557946, -0.447248,  0.293669,  0.794278,  0.531866,  0.208654,  0.984019, 
				-15.229605,  136.285767, -12.605742,  0.464078, -0.192179, -0.864696, -0.716488,  0.492549, -0.494005,  0.520842,  0.848801,  0.090887,  0.208654,  0.970204, 
				-13.324735,  134.953705, -9.096430,  0.891749, -0.400390, -0.210882, -0.153117,  0.171556, -0.973203,  0.425839,  0.900142,  0.091679,  0.184496,  0.970204, 
				-12.560652,  136.621719, -9.030592,  0.983441,  0.006193, -0.181125, -0.170797,  0.365887, -0.914853,  0.060606,  0.930639,  0.360886,  0.184496,  0.984019, 
				-32.566601,  96.065437,  6.556029, -0.155503,  0.086435,  0.984047,  0.916039, -0.360217,  0.176396,  0.369717,  0.928856, -0.023163,  0.334213,  0.717235, 
				-17.800648,  131.724731, -1.420260,  0.457549, -0.283080,  0.842920,  0.778953, -0.329557, -0.533503,  0.428814,  0.900699,  0.069717,  0.337107,  0.944880, 
				-16.003754,  131.106110, -4.317927,  0.856405, -0.355167,  0.374737,  0.345982, -0.143960, -0.927131,  0.383233,  0.923651, -0.000407,  0.358790,  0.945670, 
				-15.552163,  130.331009, -9.260278,  0.915359, -0.364476, -0.171098, -0.167571,  0.041542, -0.984984,  0.366111,  0.930286, -0.023050,  0.390179,  0.942333, 
				-15.552163,  130.331009, -9.260278,  0.915359, -0.364476, -0.171098, -0.120659,  0.157105, -0.980183,  0.384134,  0.917864,  0.099831,  0.182519,  0.945822, 
				-17.162268,  130.819672, -12.327847,  0.518007, -0.231331, -0.823501, -0.719560,  0.402695, -0.565747,  0.462495,  0.885620,  0.042142,  0.205701,  0.943849, 
				-20.127272,  132.121582, -12.722697, -0.245888,  0.033166, -0.968731, -0.843694,  0.484703,  0.230745,  0.477200,  0.874050, -0.091201,  0.224835,  0.942825, 
				-22.211266,  133.546738, -11.057624, -0.780507,  0.210190, -0.588752, -0.513368,  0.321922,  0.795500,  0.356738,  0.923140, -0.143357,  0.243100,  0.944093, 
				-20.474262,  55.563637,  0.836543,  0.410784, -0.458705,  0.787938,  0.646608, -0.462703, -0.606469,  0.642772,  0.758614,  0.106531,  0.474980,  0.534044, 
				-20.058300,  52.355808, -2.145916,  0.562699, -0.716631,  0.412079,  0.376534, -0.221585, -0.899512,  0.735929,  0.661317,  0.145150,  0.497307,  0.519641, 
				-20.058300,  52.355808, -2.145916,  0.562699, -0.716631,  0.412079,  0.295597, -0.291099, -0.909881,  0.772005,  0.633799,  0.048033,  0.008882,  0.522318, 
				-20.034508,  51.870304, -6.004568,  0.554675, -0.791498, -0.256645, -0.182805,  0.184986, -0.965589,  0.811738,  0.582504, -0.042082,  0.032031,  0.517845, 
				-21.310879,  54.558098, -9.224997,  0.172111, -0.498947, -0.849370, -0.624349,  0.611680, -0.485835,  0.761949,  0.613921, -0.206240,  0.055646,  0.526925, 
				-23.030821,  59.097988, -10.682037, -0.185833, -0.250385, -0.950144, -0.831797,  0.554835,  0.016474,  0.523048,  0.793389, -0.311376,  0.079484,  0.545410, 
				-30.654779,  81.631195, -9.476391, -0.662289, -0.107600, -0.741482, -0.718146,  0.373339,  0.587268,  0.213634,  0.921434, -0.324531,  0.156424,  0.658823, 
				-26.443888,  68.838394, -11.082155, -0.451468, -0.146023, -0.880258, -0.822513,  0.450537,  0.347114,  0.345903,  0.880735, -0.323509,  0.117032,  0.593566, 
				-19.172722,  142.800537, -2.696659,  0.341480,  0.875489,  0.341922,  0.558331, -0.481599,  0.675522,  0.756081, -0.039772, -0.653269,  0.302684,  0.991329, 
				-16.900379,  141.018127, -1.720336,  0.559960,  0.720171,  0.409633,  0.748080, -0.651988,  0.123643,  0.356120,  0.237203, -0.903833,  0.321273,  0.991329, 
				-15.286109,  139.811310, -2.161808,  0.783238,  0.509756,  0.355931,  0.619585, -0.592558, -0.514771, -0.051498,  0.623718, -0.779951,  0.338394,  0.991329, 
				-13.680305,  138.681778, -5.174618,  0.913853,  0.359527,  0.188712,  0.289337, -0.250516, -0.923864, -0.284879,  0.898878, -0.332960,  0.362176,  0.991329, 
				-13.249931,  138.431671, -8.931028,  0.915836,  0.385743, -0.111567, -0.065756, -0.130020, -0.989329, -0.396132,  0.913399, -0.093712,  0.391843,  0.991329, 
				-13.249931,  138.431671, -8.931028,  0.915836,  0.385743, -0.111567, -0.308998,  0.499556, -0.809299, -0.256447,  0.775659,  0.576705,  0.184496,  0.991329, 
				-14.888951,  139.761017, -11.065719,  0.703115,  0.567406, -0.428578, -0.701859,  0.650510, -0.290226,  0.114119,  0.504863,  0.855623,  0.208654,  0.991329, 
				-17.294750,  141.585602, -11.059422,  0.381540,  0.784272, -0.489229, -0.698058,  0.591408,  0.403672,  0.605923,  0.187493,  0.773113,  0.230895,  0.991329, 
				-19.486570,  143.388824, -8.734067,  0.159272,  0.939136, -0.304394, -0.459786,  0.343413,  0.818941,  0.873630,  0.009522,  0.486498,  0.253089,  0.991329, 
				-20.562956,  143.962616, -5.219868,  0.162117,  0.984294,  0.069884, -0.017260, -0.067982,  0.997537,  0.986621, -0.162924,  0.005968,  0.279330,  0.991329, 
				-38.399719,  105.280121, -0.630217, -0.991695, -0.093154,  0.088681,  0.060859,  0.267556,  0.961618, -0.113306,  0.959029, -0.259665,  0.269830,  0.762747, 
				-38.128021,  103.811768, -3.235487, -0.978195, -0.178134, -0.106783, -0.170107,  0.392206,  0.904012, -0.119154,  0.902465, -0.413956,  0.253905,  0.759840, 
				-36.323807,  98.161621, -4.638135, -0.952932, -0.256498, -0.161645, -0.259648,  0.415154,  0.871912, -0.156536,  0.872843, -0.462213,  0.230592,  0.735740, 
				-37.705288,  105.212486,  2.570813, -0.879178, -0.038567,  0.474930,  0.474013,  0.030772,  0.879980, -0.048553,  0.998782, -0.008772,  0.286488,  0.759120, 
				-36.217743,  102.787216,  4.269595, -0.677671, -0.041601,  0.734187,  0.725978, -0.196861,  0.658940,  0.117120,  0.979549,  0.163608,  0.299641,  0.746795, 
				-33.285767,  95.138428,  5.730022, -0.631211, -0.120345,  0.766218,  0.753171, -0.331017,  0.568472,  0.185218,  0.935919,  0.299582,  0.329742,  0.710419, 
				-29.285208,  82.898544,  6.550117, -0.594820, -0.196134,  0.779564,  0.760026, -0.453077,  0.465921,  0.261820,  0.869628,  0.418566,  0.376477,  0.652424, 
				-24.829214,  67.277176,  5.047604, -0.470601, -0.337472,  0.815259,  0.781164, -0.588969,  0.207119,  0.410265,  0.734321,  0.540790,  0.420034,  0.580238, 
				-21.631794,  55.140888,  0.330515, -0.268075, -0.578577,  0.770314,  0.710769, -0.658534, -0.247267,  0.650341,  0.481229,  0.587771,  0.471320,  0.527349, 
				-21.161539,  52.565266, -2.368738, -0.143347, -0.884965,  0.443045,  0.708824, -0.404222, -0.578077,  0.690666,  0.231175,  0.685228,  0.492265,  0.514317, 
				-21.118111,  51.928055, -5.729079, -0.253318, -0.942892, -0.216299, -0.289781,  0.287285, -0.912959,  0.922961, -0.168590, -0.346006,  0.032629,  0.512312, 
				-21.161539,  52.565266, -2.368738, -0.143347, -0.884965,  0.443045,  0.104668, -0.458714, -0.882398,  0.984122, -0.080117,  0.158383,  0.008996,  0.515095, 
				-22.268255,  54.729778, -8.515141, -0.519910, -0.606561, -0.601479, -0.775410,  0.630520,  0.034407,  0.358374,  0.484282, -0.798147,  0.060020,  0.521509, 
				-23.927145,  59.617661, -9.887661, -0.725588, -0.355854, -0.588974, -0.682016,  0.485724,  0.546741,  0.091519,  0.798398, -0.595134,  0.087915,  0.544154, 
				-26.851131,  68.190788, -9.961462, -0.834533, -0.260614, -0.485423, -0.550858,  0.411468,  0.726119,  0.010499,  0.873370, -0.486945,  0.122431,  0.586874, 
				-30.875179,  80.723969, -8.390165, -0.904314, -0.238234, -0.354206, -0.422900,  0.387104,  0.819333, -0.058078,  0.890727, -0.450813,  0.161248,  0.651228, 
				-34.219345,  91.390472, -6.253526, -0.941062, -0.255358, -0.221797, -0.310556,  0.392546,  0.865715, -0.134002,  0.883572, -0.448713,  0.201327,  0.704423, 
				 33.359200,  109.579391, -6.737839,  0.615299, -0.056958, -0.786234,  0.533112,  0.764780,  0.361805, -0.580688,  0.641769, -0.500933,  0.086889,  0.869013, 
				 38.035995,  106.584084, -0.515605,  0.661485,  0.745154, -0.084752, -0.303913,  0.369657,  0.878061, -0.685620,  0.555067, -0.470984,  0.103669,  0.803968, 
				 37.058357,  103.935104, -3.873495,  0.351979,  0.229760, -0.907370,  0.539757,  0.742166,  0.397306, -0.764705,  0.629603, -0.137212,  0.070333,  0.811537, 
				 34.313484,  113.248184, -3.412324,  0.903397,  0.428334,  0.020089, -0.285777,  0.566481,  0.772937, -0.319695,  0.704010, -0.634165,  0.136530,  0.870797, 
				 30.661474,  106.564667, -6.679729, -0.195877, -0.581682, -0.789480,  0.650571,  0.525311, -0.548457, -0.733750,  0.621043, -0.275529,  0.048652,  0.863825, 
				 35.032696,  101.183113, -3.724041,  0.062993, -0.828107, -0.557019,  0.615049,  0.471756, -0.631792, -0.785969,  0.302795, -0.539044,  0.040603,  0.805022, 
				 28.576170,  106.391693, -2.728247, -0.760412, -0.649409,  0.006469, -0.023097,  0.017088, -0.999587, -0.649030,  0.760247,  0.027993,  0.008802,  0.875466, 
				 33.301056,  101.462265, -0.269541, -0.225900, -0.957326,  0.180266,  0.081222, -0.202915, -0.975822, -0.970759,  0.205797, -0.123594,  0.008802,  0.817824, 
				 29.916477,  107.935684,  1.405896, -0.563143, -0.164222,  0.809877,  0.440208,  0.769803,  0.462192, -0.699348,  0.616794, -0.361217,  0.047428,  0.863825, 
				 33.301056,  101.462265, -0.269541, -0.225900, -0.957326,  0.180266, -0.038205,  0.193613,  0.980334, -0.973401,  0.214570, -0.080312,  0.007578,  0.818177, 
				 34.484867,  102.891869,  3.732730, -0.233183, -0.468711,  0.852018,  0.510142,  0.686963,  0.517529, -0.827877,  0.555330,  0.078921,  0.039379,  0.805022, 
				 28.576170,  106.391693, -2.728247, -0.760412, -0.649409,  0.006469, -0.241624,  0.292143,  0.925349, -0.602820,  0.702083, -0.379062,  0.007578,  0.875466, 
				 36.297363,  105.826088,  2.878364,  0.012250,  0.675850,  0.736937,  0.617182,  0.574744, -0.537361, -0.786725,  0.461407, -0.410082,  0.069109,  0.811537, 
				 32.333504,  111.422722,  1.177474,  0.269360,  0.426512,  0.863443,  0.607086,  0.620798, -0.496040, -0.747590,  0.657797, -0.091711,  0.085665,  0.869013, 
				 26.259497,  121.250740, -1.514175, -0.443686,  0.713577,  0.542172,  0.307427, -0.447080,  0.840005,  0.841802,  0.539377, -0.021010,  0.481620,  0.943088, 
				 28.293085,  123.661537, -4.960407, -0.214007,  0.857020,  0.468740,  0.094955, -0.459333,  0.883174,  0.972206,  0.233515,  0.016922,  0.459596,  0.965550, 
				 27.075951,  121.461357, -7.932778, -0.776877,  0.588294, -0.224439, -0.144718,  0.180079,  0.972948,  0.612796,  0.788341, -0.054763,  0.438337,  0.949735, 
				 35.909409,  103.943123,  4.217265,  0.146687, -0.240319,  0.959547,  0.766054,  0.641302,  0.043507, -0.625815,  0.728683,  0.278168,  0.053412,  0.800262, 
				 38.056572,  105.086464,  3.663563,  0.529530, -0.077831,  0.844713,  0.792358,  0.400982, -0.459764, -0.302931,  0.912774,  0.274002,  0.068282,  0.796229, 
				 27.471649,  119.227570, -0.910738,  0.224580,  0.365929,  0.903139,  0.670948,  0.614060, -0.415643, -0.706677,  0.699305, -0.107614,  0.105401,  0.951045, 
				 34.313484,  113.248184, -3.412324,  0.903397,  0.428334,  0.020089, -0.042548,  0.136158, -0.989773, -0.426689,  0.893303,  0.141230,  0.135306,  0.870797, 
				 31.536823,  122.935555, -7.127728,  0.924528,  0.380658,  0.018651, -0.060174,  0.194122, -0.979130, -0.376334,  0.904111,  0.202377,  0.174752,  0.956166, 
				 38.035995,  106.584084, -0.515605,  0.661485,  0.745154, -0.084752, -0.045114, -0.073268, -0.996291, -0.748600,  0.662855, -0.014849,  0.102445,  0.803968, 
				 41.143120,  105.290672,  0.260326,  0.984720, -0.079266,  0.155063,  0.170733,  0.263934, -0.949310,  0.034322,  0.961278,  0.273435,  0.088793,  0.779811, 
				 39.095676,  103.428787, -3.431173,  0.743782, -0.395711, -0.538703,  0.652803,  0.603243,  0.458199, -0.143655,  0.692467, -0.707003,  0.069506,  0.796229, 
				 41.143120,  105.290672,  0.260326,  0.984720, -0.079266,  0.155063, -0.064847,  0.659479,  0.748921,  0.161625,  0.747532, -0.644261,  0.090017,  0.779811, 
				 37.308586,  102.200043, -4.153425,  0.420558, -0.628833, -0.653988,  0.822550,  0.568421, -0.017603, -0.382810,  0.530535, -0.756300,  0.054636,  0.800262, 
				 31.536823,  122.935555, -7.127728,  0.924528,  0.380658,  0.018651, -0.264193,  0.604853,  0.751236, -0.274683,  0.699466, -0.659771,  0.175976,  0.956166, 
				 29.028360,  122.915161, -10.083961, -0.022720,  0.486487, -0.873393,  0.458129,  0.781560,  0.423418, -0.888595,  0.390506,  0.240631,  0.144393,  0.979555, 
				 30.326674,  126.072334, -8.406638, -0.165711,  0.953488, -0.251796,  0.585986,  0.300565,  0.752517, -0.793197,  0.022848,  0.608537,  0.177096,  0.987303, 
				 28.985815,  117.522491, -10.761954,  0.555699, -0.100580, -0.825277,  0.589010,  0.748186,  0.305425, -0.586741,  0.655821, -0.475009,  0.106625,  0.951045, 
				 23.881874,  116.073013, -11.463274, -0.476923, -0.121790, -0.870466,  0.626715,  0.647249, -0.433932, -0.616257,  0.752486,  0.232361,  0.055241,  0.973072, 
				 27.730049,  119.757980, -11.761284, -0.203693,  0.378641, -0.902851,  0.614034,  0.767672,  0.183417, -0.762543,  0.517020,  0.388868,  0.111691,  0.971807, 
				 25.238281,  114.208435, -10.805230, -0.169013, -0.543001, -0.822548,  0.662659,  0.555175, -0.502656, -0.729601,  0.630024, -0.265993,  0.053952,  0.953781, 
				 22.006367,  113.159546, -6.344286, -0.725305, -0.684746, -0.071107,  0.097440,  0.000139, -0.995241, -0.681497,  0.728782, -0.066621,  0.008802,  0.962984, 
				 20.638124,  114.671448, -6.994332, -0.972071,  0.048123, -0.229702,  0.231054,  0.367836, -0.900728, -0.041147,  0.928645,  0.368682,  0.008802,  0.981656, 
				 21.674030,  116.639076, -1.711594, -0.796538,  0.139136,  0.588360,  0.500125,  0.698440,  0.511915, -0.339709,  0.702013, -0.625920,  0.054017,  0.973072, 
				 22.006367,  113.159546, -6.344286, -0.725305, -0.684746, -0.071107, -0.272543,  0.190757,  0.943044, -0.632181,  0.703374, -0.324979,  0.007578,  0.962984, 
				 23.132498,  115.057098, -1.181600, -0.558151, -0.229778,  0.797289,  0.449552,  0.723892,  0.523339, -0.697403,  0.650525, -0.300744,  0.052728,  0.953781, 
				 20.638124,  114.671448, -6.994332, -0.972071,  0.048123, -0.229702, -0.176047,  0.497719,  0.849284,  0.155197,  0.866002, -0.475346,  0.007578,  0.981656, 
				 26.259497,  121.250740, -1.514175, -0.443686,  0.713577,  0.542172,  0.651305,  0.672307, -0.351859, -0.615585,  0.197005, -0.763050,  0.110467,  0.971807, 
				 28.293085,  123.661537, -4.960407, -0.214007,  0.857020,  0.468740,  0.526599,  0.505378, -0.683584, -0.822736,  0.100546, -0.559461,  0.143170,  0.979555, 
				 30.326674,  126.072334, -8.406638, -0.165711,  0.953488, -0.251796, -0.155518,  0.226865,  0.961429,  0.973835,  0.198478,  0.110691,  0.437573,  0.988012, 
				 29.028360,  122.915161, -10.083961, -0.022720,  0.486487, -0.873393, -0.364685,  0.809388,  0.460322,  0.930854,  0.328972,  0.159025,  0.423810,  0.966473, 
				 23.881874,  116.073013, -11.463274, -0.476923, -0.121790, -0.870466, -0.862862,  0.253466,  0.437293,  0.167375,  0.959647, -0.225972,  0.411562,  0.909095, 
				 20.638124,  114.671448, -6.994332, -0.972071,  0.048123, -0.229702, -0.218096,  0.176247,  0.959881,  0.086676,  0.983169, -0.160829,  0.442406,  0.886222, 
				 27.730049,  119.757980, -11.761284, -0.203693,  0.378641, -0.902851, -0.545422,  0.721936,  0.425821,  0.813034,  0.579172,  0.059466,  0.410047,  0.944934, 
				 21.674030,  116.639076, -1.711594, -0.796538,  0.139136,  0.588360,  0.594446,  0.002733,  0.804131,  0.110276,  0.990270, -0.084886,  0.478754,  0.899341, 
				 33.301056,  101.462265, -0.269541, -0.225900, -0.957326,  0.180266,  0.916358, -0.146039,  0.372775, -0.330542,  0.249398,  0.910243,  0.428349,  0.846113, 
				 35.032696,  101.183113, -3.724041,  0.062993, -0.828107, -0.557019,  0.992472,  0.110713, -0.052356,  0.105026, -0.549528,  0.828848,  0.433108,  0.820487, 
				 37.170124,  103.230736,  0.032528,  0.447497, -0.857456,  0.253999,  0.848316,  0.496902,  0.182887, -0.283030,  0.133630,  0.949756,  0.456811,  0.842287, 
				 34.484867,  102.891869,  3.732730, -0.233183, -0.468711,  0.852018,  0.815429,  0.383119,  0.433930, -0.529812,  0.795946,  0.292864,  0.444885,  0.870760, 
				 38.056572,  105.086464,  3.663563,  0.529530, -0.077831,  0.844713,  0.647096,  0.680941, -0.342908, -0.548511,  0.728190,  0.410943,  0.472599,  0.865531, 
				 35.909409,  103.943123,  4.217265,  0.146687, -0.240319,  0.959547,  0.799006,  0.600657,  0.028290, -0.583157,  0.762534,  0.280125,  0.457159,  0.872103, 
				 41.143120,  105.290672,  0.260326,  0.984720, -0.079266,  0.155063,  0.063245,  0.992389,  0.105660, -0.162258, -0.094238,  0.982238,  0.486675,  0.837979, 
				 39.095676,  103.428787, -3.431173,  0.743782, -0.395711, -0.538703,  0.634535,  0.671356,  0.382944,  0.210126, -0.626653,  0.750435,  0.464172,  0.816603, 
				 37.308586,  102.200043, -4.153425,  0.420558, -0.628833, -0.653988,  0.881509,  0.453757,  0.130565,  0.214648, -0.631406,  0.745153,  0.448968,  0.814323, 
				 30.326674,  126.072334, -8.406638, -0.165711,  0.953488, -0.251796,  0.708793, -0.062372, -0.702654, -0.685677, -0.294909, -0.665490,  0.175872,  0.987303, 
				-4.979908,  182.216537,  4.216297, -0.488434,  0.718162,  0.495657,  0.069876, -0.534009,  0.842587, -0.869799, -0.446182, -0.210646,  0.786388,  0.316698, 
				-6.346763,  181.254242,  4.981733, -0.405130,  0.660825,  0.631807,  0.304691, -0.553964,  0.774782, -0.861994, -0.506393, -0.023080,  0.792711,  0.341724, 
				-4.234529,  181.011154,  6.089867, -0.614793,  0.519318,  0.593581, -0.006025, -0.755689,  0.654903, -0.788665, -0.399054, -0.467721,  0.807451,  0.308790, 
				-6.847772,  182.418991,  3.009073, -0.568863,  0.740964,  0.356886,  0.234852, -0.269518,  0.933919, -0.788188, -0.615087,  0.020698,  0.775687,  0.338475, 
				-6.024416,  180.078400,  5.829030, -0.392426,  0.076446,  0.916601,  0.327175, -0.919762,  0.216783, -0.859627, -0.384960, -0.335927,  0.804345,  0.346561, 
				-4.410821,  180.033142,  6.355895, -0.672243,  0.106863,  0.732578,  0.225259, -0.913086,  0.339900, -0.705229, -0.393515, -0.589744,  0.817172,  0.317024, 
				-5.642550,  179.642517,  4.917847, -0.533620, -0.232577,  0.813116,  0.357570, -0.933327, -0.032300, -0.766416, -0.273510, -0.581205,  0.818830,  0.347445, 
				-5.128932,  178.962708,  6.093325, -0.569607,  0.083783,  0.817636,  0.433757, -0.814341,  0.385622, -0.698142, -0.574308, -0.427513,  0.830739,  0.340848, 
				-3.716152,  178.826553,  6.644844, -0.599369, -0.254663,  0.758884,  0.539091, -0.829230,  0.147506, -0.591725, -0.497518, -0.634301,  0.828227,  0.318775, 
				-4.106011,  178.011261,  6.339922, -0.355753, -0.132732,  0.925107,  0.537317, -0.838958,  0.086255, -0.764677, -0.527761, -0.369781,  0.843752,  0.337707, 
				-5.138920,  177.082321,  5.702559, -0.521103, -0.259610,  0.813052,  0.601761, -0.787305,  0.134293, -0.605256, -0.559244, -0.566490,  0.850683,  0.357037, 
				-5.931761,  177.878906,  5.644675, -0.690701, -0.056516,  0.720928,  0.413050, -0.849140,  0.329166, -0.593566, -0.525135, -0.609847,  0.835006,  0.358059, 
				-6.197093,  178.829834,  4.629770, -0.081910, -0.157058,  0.984187,  0.512610, -0.853511, -0.093541, -0.854705, -0.496842, -0.150421,  0.818461,  0.365246, 
				-6.742460,  179.831085,  5.491370, -0.487699,  0.136515,  0.862272,  0.481601, -0.781742,  0.396158, -0.728156, -0.608476, -0.315509,  0.799633,  0.359807, 
				-7.533978,  177.811035,  4.985178, -0.061005, -0.249118,  0.966550,  0.949434, -0.313276, -0.020819, -0.307983, -0.916405, -0.255632,  0.795452,  0.386752, 
				-6.308044,  177.219574,  4.409278,  0.002579, -0.400357,  0.916356,  0.768368, -0.585681, -0.258047, -0.640003, -0.704764, -0.306111,  0.819897,  0.388214, 
				-5.825407,  176.297134,  4.919295, -0.789664, -0.302720,  0.533658,  0.533569, -0.768219,  0.353756, -0.302877, -0.564092, -0.768157,  0.839671,  0.389971, 
				-7.190580,  180.590836,  4.176693, -0.772640,  0.417723,  0.478053,  0.402677, -0.259690,  0.877732, -0.490795, -0.870671, -0.032440,  0.787068,  0.357336, 
				-7.786611,  178.773880,  4.896006, -0.787461,  0.268988,  0.554572,  0.516787, -0.202213,  0.831890, -0.335910, -0.941677, -0.020225,  0.791482,  0.377338, 
				-8.254077,  179.155609,  3.509611, -0.866289,  0.329031,  0.375877,  0.397641, -0.001245,  0.917540, -0.302367, -0.944319,  0.129758,  0.776898,  0.374339, 
				-8.842297,  177.066772,  3.813373, -0.931348,  0.001764,  0.364126,  0.363961,  0.034976,  0.930757,  0.011093, -0.999387,  0.033217,  0.776675,  0.396585, 
				-7.951399,  176.189178,  4.605281, -0.308044, -0.392797,  0.866498,  0.949468, -0.184520,  0.253895, -0.060157, -0.900924, -0.429788,  0.790008,  0.407111, 
				-6.273379,  175.545502,  3.407588,  0.481173, -0.502956,  0.717989,  0.785441, -0.116373, -0.607898, -0.389300, -0.856442, -0.339047,  0.822234,  0.419759, 
				-9.053703,  177.757065,  2.591748, -0.989394,  0.092225,  0.112222,  0.123860,  0.132062,  0.983472, -0.075880, -0.986942,  0.142085,  0.761721,  0.387976, 
				-8.744434,  175.849503,  1.154685, -0.985861, -0.099266, -0.134999, -0.151010,  0.177142,  0.972531,  0.072625, -0.979167,  0.189628,  0.740413,  0.406815, 
				-9.040398,  174.255219,  2.037446, -0.975761, -0.218128,  0.017601, -0.046100,  0.283515,  0.957859,  0.213927, -0.933831,  0.286698,  0.747506,  0.425974, 
				-8.052404,  174.138977,  3.950116, -0.192019, -0.376438,  0.906324,  0.754399,  0.534063,  0.381652,  0.627703, -0.757015, -0.181434,  0.779089,  0.435587, 
				-6.727002,  174.481293,  2.023975,  0.889143, -0.201687,  0.410789,  0.441459,  0.614535, -0.653805,  0.120580, -0.762672, -0.635446,  0.812769,  0.448458, 
				-6.906454,  172.752625,  1.884596,  0.986115,  0.002307,  0.166048,  0.119128,  0.686806, -0.717012,  0.115697, -0.726837, -0.676995,  0.800252,  0.464157, 
				-7.572515,  172.601105,  3.862662,  0.511177,  0.134388,  0.848904,  0.444739,  0.803827, -0.395056,  0.735463, -0.579485, -0.351130,  0.772373,  0.453673, 
				-8.659489,  172.663010,  2.486798, -0.954273, -0.281583, -0.100375, -0.225845,  0.459104,  0.859196,  0.195852, -0.842576,  0.501704,  0.749105,  0.443044, 
				-7.886015,  174.091507,  0.439031, -0.764984, -0.489195, -0.418912, -0.520056,  0.085497,  0.849843,  0.379923, -0.867974,  0.319812,  0.720950,  0.424665, 
				-7.484487,  172.413086,  1.118946, -0.562439, -0.464631, -0.683945, -0.700493, -0.171707,  0.692695,  0.439286, -0.868697,  0.228896,  0.725724,  0.442513, 
				-8.560474,  176.184067,  0.216112, -0.948448, -0.248304, -0.196957, -0.267643,  0.294665,  0.917355,  0.169746, -0.922777,  0.345931,  0.731588,  0.400257, 
				-6.811128,  174.006027, -2.150039, -0.773241, -0.630454, -0.068020, -0.383622,  0.379680,  0.841830,  0.504909, -0.677031,  0.535440,  0.686355,  0.416487, 
				-7.470924,  174.563141, -2.447336, -0.867569, -0.497267, -0.007124, -0.292600,  0.498804,  0.815831,  0.402132, -0.709874,  0.578247,  0.691415,  0.405038, 
				-9.154419,  179.048737,  0.597863, -0.985713,  0.163478, -0.040566, -0.005246,  0.210926,  0.977488, -0.168355, -0.963735,  0.207055,  0.747216,  0.372216, 
				-8.501151,  181.099075,  1.573911, -0.862725,  0.476478,  0.169333,  0.229716,  0.070970,  0.970667, -0.450484, -0.876317,  0.170682,  0.760415,  0.355716, 
				-7.570282,  169.997437,  2.669771, -0.650258, -0.372461, -0.662146, -0.733238,  0.079602,  0.675296,  0.198813, -0.924628,  0.324865,  0.732013,  0.462141, 
				-8.350386,  170.751648,  3.915675, -0.998241,  0.053398,  0.025770,  0.054992,  0.671333,  0.739113, -0.022166, -0.739230,  0.673089,  0.752432,  0.461914, 
				-7.536069,  170.482117,  4.580784,  0.755551,  0.035644,  0.654120,  0.538117,  0.535681, -0.650750,  0.373595, -0.843668, -0.385554,  0.761639,  0.466690, 
				-8.104206,  169.677612,  4.995890,  0.613403, -0.371198,  0.697100,  0.751720,  0.545085, -0.371214,  0.242185, -0.751728, -0.613394,  0.757432,  0.469734, 
				-8.597647,  169.904785,  4.509068, -0.854277,  0.517710, -0.046776,  0.248066,  0.485099,  0.838536, -0.456809, -0.704738,  0.542835,  0.752352,  0.468468, 
