{
	"version": "0.7", 
	"id": "", 
	"meshes": [
		{
			"attributes": [{
					"size":   3, 
					"type": "GL_FLOAT", 
					"attribute": "VERTEX_ATTRIB_POSITION"
				}, {
					"size":   3, 
					"type": "GL_FLOAT", 
					"attribute": "VERTEX_ATTRIB_NORMAL"
				}, {
					"size":   3, 
					"type": "GL_FLOAT", 
					"attribute": "VERTEX_ATTRIB_TANGENT"
				}, {
					"size":   3, 
					"type": "GL_FLOAT", 
					"attribute": "VERTEX_ATTRIB_BINORMAL"
				}, {
					"size":   2, 
					"type": "GL_FLOAT", 
					"attribute": "VERTEX_ATTRIB_TEX_COORD"
				}], 
			"vertices": [
				-14.834797,  0.893267,  138.228210,  0.768073, -0.623127,  0.147566,  0.605180,  0.631007, -0.485374,  0.209335,  0.462107,  0.861763,  0.338394,  0.984019, 
				-17.333538, -0.170503,  140.414978,  0.310393, -0.846724,  0.432104,  0.778391, -0.034542, -0.626828,  0.545677,  0.530909,  0.648361,  0.321273,  0.984019, 
				-18.310368, -0.158740,  138.240662, -0.143519, -0.987464, -0.065699,  0.820208, -0.081537, -0.566225,  0.553771, -0.135151,  0.821628,  0.321273,  0.970204, 
				-15.566591,  0.969364,  136.494141,  0.553919, -0.778831, -0.294272,  0.668347,  0.626725, -0.400660,  0.496474,  0.025257,  0.867684,  0.338394,  0.970204, 
				-25.956211,  2.673238,  124.074623, -0.505083, -0.817330,  0.277241,  0.771785, -0.571507, -0.278797,  0.386315,  0.073155,  0.919461,  0.301370,  0.885655, 
				-21.496246,  2.063759,  122.031723,  0.236236, -0.971288, -0.028159,  0.900390,  0.229705, -0.369506,  0.365365,  0.061936,  0.928802,  0.337664,  0.884361, 
				-20.055454,  1.845377,  125.992088,  0.323760, -0.929951, -0.174272,  0.864839,  0.365576, -0.344105,  0.383711, -0.039310,  0.922616,  0.335637,  0.908678, 
				-24.047636,  2.247756,  127.984917, -0.584635, -0.792722,  0.172609,  0.730003, -0.606837, -0.314395,  0.353973, -0.057801,  0.933468,  0.304937,  0.910936, 
				-33.490707, -3.303544,  105.819283,  0.139342, -0.907395,  0.396507,  0.927652, -0.020488, -0.372884,  0.346477,  0.419779,  0.838892,  0.310902,  0.768647, 
				-30.217463, -4.988574,  97.904915,  0.323224, -0.910512,  0.257865,  0.901996,  0.214005, -0.374973,  0.286233,  0.353794,  0.890450,  0.345299,  0.732871, 
				-27.753504, -2.599741,  103.471413,  0.285350, -0.925584,  0.248735,  0.900929,  0.170506, -0.399068,  0.326960,  0.337967,  0.882539,  0.349014,  0.769439, 
				-30.502327, -1.240128,  110.412163,  0.027477, -0.938217,  0.344955,  0.909855, -0.119452, -0.397361,  0.414016,  0.324777,  0.850359,  0.315307,  0.801219, 
				-25.885691, -6.073816,  85.604218,  0.439299, -0.887839,  0.136959,  0.853185,  0.364612, -0.373007,  0.281234,  0.280713,  0.917664,  0.393642,  0.675295, 
				-23.523211, -3.951164,  92.359779,  0.502710, -0.848640,  0.164598,  0.822093,  0.410454, -0.394576,  0.267293,  0.333672,  0.904001,  0.396673,  0.716996, 
				-18.669487,  0.879565,  93.380936,  0.886769, -0.453908,  0.087221,  0.436427,  0.760112, -0.481416,  0.152221,  0.464971,  0.872142,  0.433145,  0.738638, 
				-21.716648, -0.213464,  101.778633,  0.584244, -0.795452,  0.160982,  0.764116,  0.472309, -0.439375,  0.273469,  0.379711,  0.883761,  0.391503,  0.776041, 
				-19.718500, -2.110744,  82.321945,  0.810128, -0.584512,  0.045142,  0.546515,  0.725106, -0.418978,  0.212165,  0.364096,  0.906874,  0.438403,  0.673986, 
				-27.095413,  2.408579,  121.666672, -0.402878, -0.830486,  0.384685,  0.811508, -0.518495, -0.269478,  0.423255,  0.203608,  0.882836,  0.300977,  0.870607, 
				-22.919741,  1.918158,  118.458000,  0.238223, -0.963383,  0.123058,  0.900283,  0.171514, -0.400091,  0.364335,  0.206098,  0.908176,  0.340197,  0.863367, 
				-19.359200,  3.819981,  119.490013,  0.793765, -0.602279, -0.084835,  0.550014,  0.770326, -0.322620,  0.259658,  0.209424,  0.942719,  0.362886,  0.876244, 
				-20.392937,  2.728755,  113.473740,  0.681619, -0.728056,  0.073005,  0.681818,  0.595765, -0.424486,  0.265556,  0.339114,  0.902486,  0.373103,  0.845933, 
				-18.738239,  4.894552,  109.207542,  0.970108, -0.239299,  0.040335,  0.225583,  0.827968, -0.513402,  0.089460,  0.507154,  0.857200,  0.403062,  0.831996, 
				-18.299358,  4.095828,  124.269737,  0.850672, -0.471912, -0.231637,  0.431243,  0.878427, -0.205900,  0.300643,  0.075261,  0.950763,  0.356472,  0.902965, 
				-13.089389,  4.861419,  136.763443,  0.962386, -0.271206, -0.016117,  0.264969,  0.950053, -0.164898,  0.060033,  0.154425,  0.986179,  0.362176,  0.984019, 
				-13.827865,  4.712652,  135.260391,  0.853907, -0.324204, -0.407105,  0.276853,  0.945365, -0.172153,  0.440676,  0.034295,  0.897011,  0.362176,  0.970204, 
				-13.324735,  9.096430,  134.953705,  0.891749,  0.210882, -0.400390, -0.191726,  0.977510,  0.087834,  0.409908, -0.001561,  0.912126,  0.391843,  0.970204, 
				-12.560652,  9.030592,  136.621719,  0.983441,  0.181125,  0.006193, -0.180775,  0.982816, -0.037336, -0.012849,  0.035598,  0.999284,  0.391843,  0.984019, 
				-18.769600,  6.944625,  117.290413,  0.979552,  0.154337, -0.129069, -0.190774,  0.916276, -0.352199,  0.063905,  0.369620,  0.926983,  0.395127,  0.870158, 
				-17.892286,  7.808880,  122.674011,  0.951487,  0.140108, -0.273939, -0.173323,  0.979678, -0.100948,  0.254228,  0.143530,  0.956435,  0.390620,  0.897209, 
				-19.022327,  6.161909,  108.798988,  0.930331,  0.365742, -0.026760, -0.325224,  0.789144, -0.521039, -0.169449,  0.493442,  0.853113,  0.411979,  0.833721, 
				-17.659948,  5.059348,  91.534943,  0.977219,  0.210564,  0.026560, -0.170598,  0.853785, -0.491881, -0.126249,  0.476145,  0.870257,  0.463510,  0.740653, 
				-17.657116,  3.516568,  75.078056,  0.999475,  0.024306, -0.021407, -0.030704,  0.921435, -0.387317,  0.010311,  0.387771,  0.921698,  0.481011,  0.648882, 
				-21.717607, -4.668450,  70.244179,  0.721694, -0.692211,  0.000841,  0.641303,  0.668159, -0.377218,  0.260553,  0.272776,  0.926124,  0.435033,  0.605085, 
				-18.832348,  2.775700,  57.717651,  0.984530, -0.127642, -0.120032,  0.088026,  0.952651, -0.291045,  0.151498,  0.275977,  0.949150,  0.494707,  0.552555, 
				-17.659948,  5.059348,  91.534943,  0.977219,  0.210564,  0.026560, -0.204355,  0.899769,  0.385558,  0.057287, -0.382202,  0.922301,  0.078216,  0.745802, 
				-17.657116,  3.516568,  75.078056,  0.999475,  0.024306, -0.021407, -0.016427,  0.950026,  0.311739,  0.027914, -0.311223,  0.949927,  0.043410,  0.653647, 
				-19.837090,  8.917568,  76.172699,  0.606024,  0.795381,  0.010227, -0.744638,  0.562746,  0.358931,  0.279732, -0.225136,  0.933308,  0.082525,  0.648567, 
				-20.831440,  8.706360,  93.841888,  0.566432,  0.824104,  0.002927, -0.764908,  0.524417,  0.374035,  0.306708, -0.214104,  0.927410,  0.114424,  0.748334, 
				-25.360113,  0.037130,  111.572418,  0.279409, -0.933945,  0.222883,  0.892797,  0.167286, -0.418245,  0.353333,  0.315851,  0.880565,  0.343764,  0.821865, 
				-29.494438,  0.952631,  117.040131, -0.318662, -0.841353,  0.436554,  0.850882, -0.456859, -0.259385,  0.417678,  0.288800,  0.861475,  0.301156,  0.842477, 
				-18.832348,  2.775700,  57.717651,  0.984530, -0.127642, -0.120032,  0.149401,  0.969457,  0.194503,  0.091539, -0.209427,  0.973530,  0.018032,  0.554288, 
				-19.978731,  8.786366,  59.755730,  0.704633,  0.707625, -0.052524, -0.650445,  0.673728,  0.350731,  0.283573, -0.212972,  0.935002,  0.059644,  0.556376, 
				-28.183891,  10.135872,  84.403191, -0.139473,  0.988397,  0.060149, -0.934168, -0.151482,  0.323085,  0.328448, -0.011128,  0.944457,  0.144245,  0.679185, 
				-25.777622,  10.028074,  90.229721,  0.023053,  0.998214,  0.055107, -0.938300,  0.002578,  0.345813,  0.345054, -0.059679,  0.936684,  0.138954,  0.717038, 
				-23.689352,  10.973817,  72.016357,  0.224711,  0.974067,  0.026414, -0.921185,  0.203518,  0.331661,  0.317684, -0.098860,  0.943029,  0.104033,  0.616728, 
				-21.693188,  9.090429,  110.322731,  0.535154,  0.839733, -0.091970, -0.758518,  0.525589,  0.385236,  0.371834, -0.136399,  0.918224,  0.162742,  0.841043, 
				-21.078545,  10.660598,  117.862938,  0.548921,  0.807638, -0.215424, -0.714396,  0.587100,  0.380724,  0.433963, -0.055089,  0.899245,  0.185977,  0.876442, 
				-18.769600,  6.944625,  117.290413,  0.979552,  0.154337, -0.129069, -0.113356,  0.953369,  0.279711,  0.166220, -0.259361,  0.951369,  0.155414,  0.879637, 
				-19.022327,  6.161909,  108.798988,  0.930331,  0.365742, -0.026760, -0.328232,  0.863014,  0.384019,  0.163546, -0.348482,  0.922937,  0.133292,  0.841478, 
				-17.892286,  7.808880,  122.674011,  0.951487,  0.140108, -0.273939, -0.086102,  0.975983,  0.200111,  0.295397, -0.166816,  0.940698,  0.171369,  0.907178, 
				-19.473354,  11.426980,  123.131126,  0.560043,  0.788675, -0.253660, -0.679398,  0.612433,  0.404158,  0.474099, -0.054010,  0.878813,  0.197171,  0.903527, 
				-24.316278,  11.656459,  119.384651, -0.127959,  0.987040, -0.096846, -0.868533, -0.064378,  0.491432,  0.478828,  0.146997,  0.865515,  0.211069,  0.875900, 
				-22.655661,  12.399405,  124.560127, -0.178046,  0.983707, -0.024912, -0.856054, -0.142358,  0.496895,  0.485253,  0.109796,  0.867453,  0.219154,  0.902169, 
				-24.465500,  10.455129,  112.877831,  0.063256,  0.989604, -0.129158, -0.887228,  0.115021,  0.446761,  0.456973,  0.086332,  0.885281,  0.189621,  0.846936, 
				-24.711748,  9.583275,  101.039871,  0.006862,  0.999818, -0.017777, -0.916523,  0.013398,  0.399757,  0.399923,  0.013550,  0.916449,  0.157934,  0.780744, 
				-26.728657,  10.626245,  115.379692, -0.299529,  0.952647, -0.052404, -0.840407, -0.237440,  0.487174,  0.451662,  0.189963,  0.871731,  0.211714,  0.852931, 
				-31.362938,  8.392539,  105.710167, -0.443171,  0.896363,  0.011501, -0.803632, -0.402943,  0.437965,  0.397210,  0.184851,  0.898919,  0.211697,  0.789874, 
				-28.978792,  9.662544,  111.109283, -0.353022,  0.935440, -0.018117, -0.829830, -0.304105,  0.467870,  0.432154,  0.180202,  0.883612,  0.212311,  0.825990, 
				-28.225672,  9.304087,  96.943115, -0.241901,  0.970038,  0.022576, -0.898514, -0.232727,  0.372170,  0.366273,  0.069743,  0.927890,  0.169746,  0.749825, 
				-33.814316,  6.883122,  101.655479, -0.501150,  0.864067,  0.047296, -0.784815, -0.476851,  0.395828,  0.364575,  0.161250,  0.917106,  0.217460,  0.761830, 
				-31.386459,  8.469414,  94.001480, -0.369873,  0.928082,  0.043097, -0.868024, -0.361732,  0.340124,  0.331252,  0.088393,  0.939393,  0.182859,  0.726771, 
				-36.527756,  5.427570,  99.130470, -0.815946,  0.568409, -0.105561, -0.556109, -0.721762,  0.412071,  0.158035,  0.394931,  0.905016,  0.229132,  0.742543, 
				-34.047981,  7.311816,  91.575012, -0.767136,  0.631139, -0.114742, -0.620105, -0.683817,  0.384531,  0.164230,  0.366140,  0.915953,  0.195540,  0.707954, 
				-36.141602,  4.849595,  107.154961, -0.729878,  0.630535,  0.264016, -0.494603, -0.753726,  0.432742,  0.471854,  0.185266,  0.861992,  0.248698,  0.781815, 
				-33.357647,  6.617802,  111.931007, -0.764407,  0.609027,  0.211587, -0.473693, -0.753142,  0.456500,  0.437375,  0.248724,  0.864199,  0.246115,  0.814797, 
				-38.239082,  3.648252,  104.916527, -0.912860,  0.403684,  0.061037, -0.350738, -0.851927,  0.388849,  0.208971,  0.333556,  0.919278,  0.254410,  0.765795, 
				-38.548409,  0.713182,  106.712479, -0.964647,  0.008435,  0.263409,  0.068491, -0.957121,  0.281474,  0.254489,  0.289564,  0.922707,  0.271259,  0.769346, 
				-36.584541,  1.511827,  109.309677, -0.819719,  0.073255,  0.568062,  0.108691, -0.953871,  0.279850,  0.562358,  0.291141,  0.773944,  0.271870,  0.785816, 
				-37.782402, -2.655499,  106.704178, -0.737933, -0.593310,  0.321618,  0.623767, -0.781539, -0.010562,  0.257623,  0.192821,  0.946811,  0.287287,  0.765971, 
				-35.799099, -1.886332,  109.061081, -0.429194, -0.638965,  0.638370,  0.757529, -0.639554, -0.130842,  0.491876,  0.427427,  0.758528,  0.290835,  0.780492, 
				-35.448448, -4.891842,  103.825890, -0.297980, -0.930228,  0.214206,  0.903342, -0.347322, -0.251676,  0.308515,  0.118507,  0.943809,  0.304125,  0.753084, 
				-33.723743,  3.520057,  113.819443, -0.854325, -0.012086,  0.519599,  0.153183, -0.961177,  0.229507,  0.496653,  0.275667,  0.823009,  0.270209,  0.818364, 
				-32.539791,  0.625532,  113.576347, -0.474019, -0.689256,  0.547935,  0.745814, -0.645076, -0.166247,  0.468047,  0.329853,  0.819835,  0.291443,  0.815010, 
				-28.261871,  6.618360,  123.855820, -0.884678, -0.027589,  0.465386,  0.096811, -0.987359,  0.125502,  0.456040,  0.156083,  0.876165,  0.267852,  0.881678, 
				-29.449284,  6.034461,  121.915703, -0.866370, -0.050374,  0.496855,  0.141802, -0.978764,  0.148030,  0.478847,  0.198704,  0.855115,  0.268853,  0.869686, 
				-28.370783, -7.425893,  83.745941, -0.098403, -0.994346, -0.039912,  0.904187, -0.072585, -0.420925,  0.415648, -0.077508,  0.906217,  0.381478,  0.659767, 
				-23.695621, -5.975697,  67.617493,  0.119379, -0.968405, -0.218951,  0.826816,  0.219056, -0.518063,  0.549658, -0.119186,  0.826844,  0.425739,  0.586666, 
				-27.949875,  9.811456,  121.155563, -0.691860,  0.678210,  0.247711, -0.543675, -0.715097,  0.439378,  0.475128,  0.169314,  0.863473,  0.240631,  0.873651, 
				-29.064610,  9.346828,  119.383682, -0.694297,  0.683924,  0.224054, -0.545895, -0.703337,  0.455318,  0.468989,  0.193816,  0.861676,  0.241237,  0.863355, 
				-31.200598,  8.171142,  115.880142, -0.740979,  0.638586,  0.207746, -0.505177, -0.733900,  0.454078,  0.442433,  0.231514,  0.866403,  0.243530,  0.842563, 
				-31.624744,  4.856956,  117.990067, -0.862844, -0.067258,  0.500976,  0.172562, -0.970759,  0.166880,  0.475103,  0.230441,  0.849220,  0.269767,  0.847152, 
				-20.346905,  0.640536,  133.288452, -0.291349, -0.956062, -0.032581,  0.860996, -0.247232, -0.444480,  0.416895, -0.157551,  0.895196,  0.318407,  0.947996, 
				-22.583038,  2.859300,  134.297272, -0.809149, -0.561061,  0.174609,  0.487361, -0.806802, -0.333991,  0.328264, -0.185151,  0.926262,  0.297648,  0.946906, 
				-25.973787,  6.661769,  128.002029, -0.919771, -0.007844,  0.392377,  0.033380, -0.997741,  0.058301,  0.391033,  0.066721,  0.917955,  0.271049,  0.906953, 
				-25.587362,  10.263165,  126.189323, -0.729368,  0.631009,  0.264292, -0.526074, -0.764291,  0.372970,  0.437343,  0.132995,  0.889406,  0.244450,  0.901204, 
				-20.324108,  1.160649,  142.631516, -0.216943, -0.707984,  0.672082,  0.610613, -0.635580, -0.472430,  0.761635,  0.307892,  0.570189,  0.302684,  0.984019, 
				-21.058868,  1.537455,  140.271103, -0.753582, -0.651274,  0.089196,  0.544823, -0.694723, -0.469604,  0.367808, -0.305289,  0.878360,  0.302684,  0.970204, 
				-22.648451,  5.430940,  141.655792, -0.987951, -0.059528,  0.142863,  0.045404, -0.993935, -0.100163,  0.147959, -0.092469,  0.984661,  0.279330,  0.970204, 
				-23.479757,  7.125227,  134.366745, -0.970802,  0.001960,  0.239873, -0.000274, -0.999975,  0.007060,  0.239881,  0.006788,  0.970779,  0.269699,  0.944314, 
				-22.220774,  4.822188,  144.231567, -0.564748, -0.129435,  0.815050,  0.137762, -0.988552, -0.061533,  0.813684,  0.077532,  0.576114,  0.279330,  0.984019, 
				-21.260796,  9.785387,  143.302795, -0.411530,  0.541782,  0.732882, -0.444865, -0.821239,  0.357298,  0.795449, -0.178994,  0.578984,  0.253089,  0.984019, 
				-21.479954,  10.107416,  140.911469, -0.813279,  0.556386,  0.170329, -0.482772, -0.808617,  0.336260,  0.324821,  0.191243,  0.926238,  0.253089,  0.970204, 
				-18.090340,  12.643392,  141.005386,  0.054236,  0.845574,  0.531096, -0.757105, -0.311960,  0.573998,  0.651038, -0.433227,  0.623269,  0.230895,  0.984019, 
				-18.684799,  12.752571,  138.821167, -0.295983,  0.952189,  0.075698, -0.782045, -0.287071,  0.553169,  0.548452,  0.104529,  0.829623,  0.230895,  0.970204, 
				-14.551749,  12.681562,  138.248337,  0.651992,  0.719088,  0.240456, -0.699046,  0.447248,  0.557946,  0.293669, -0.531866,  0.794278,  0.208654,  0.984019, 
				-15.229605,  12.605742,  136.285767,  0.464078,  0.864696, -0.192179, -0.716485,  0.494004,  0.492554,  0.520847, -0.090890,  0.848798,  0.208654,  0.970204, 
				-12.560652,  9.030592,  136.621719,  0.983441,  0.181125,  0.006193, -0.170797,  0.914853,  0.365887,  0.060606, -0.360886,  0.930639,  0.184496,  0.984019, 
				-13.324735,  9.096430,  134.953705,  0.891749,  0.210882, -0.400390, -0.153118,  0.973203,  0.171554,  0.425839, -0.091677,  0.900143,  0.184496,  0.970204, 
				-32.566601, -6.556029,  96.065437, -0.155503, -0.984047,  0.086435,  0.916039, -0.176396, -0.360217,  0.369717,  0.023163,  0.928856,  0.334213,  0.717235, 
				-17.800648,  1.420260,  131.724731,  0.457549, -0.842920, -0.283080,  0.778953,  0.533502, -0.329555,  0.428813, -0.069718,  0.900699,  0.337107,  0.944880, 
				-16.003754,  4.317927,  131.106110,  0.856405, -0.374737, -0.355167,  0.345980,  0.927131, -0.143965,  0.383235,  0.000412,  0.923651,  0.358790,  0.945670, 
				-15.552163,  9.260278,  130.331009,  0.915359,  0.171098, -0.364476, -0.167574,  0.984984,  0.041535,  0.366110,  0.023058,  0.930286,  0.390179,  0.942333, 
				-17.162268,  12.327847,  130.819672,  0.518007,  0.823501, -0.231331, -0.719555,  0.565746,  0.402706,  0.462503, -0.042149,  0.885615,  0.205701,  0.943849, 
				-15.552163,  9.260278,  130.331009,  0.915359,  0.171098, -0.364476, -0.120656,  0.980183,  0.157112,  0.384135, -0.099837,  0.917863,  0.182519,  0.945822, 
				-20.127272,  12.722697,  132.121582, -0.245888,  0.968731,  0.033166, -0.843689, -0.230744,  0.484712,  0.477208,  0.091203,  0.874045,  0.224835,  0.942825, 
				-22.211266,  11.057624,  133.546738, -0.780507,  0.588752,  0.210190, -0.513372, -0.795501,  0.321911,  0.356732,  0.143348,  0.923143,  0.243100,  0.944093, 
				-20.474262, -0.836543,  55.563637,  0.410784, -0.787938, -0.458705,  0.646623,  0.606467, -0.462684,  0.642756, -0.106546,  0.758626,  0.474980,  0.534044, 
				-20.058300,  2.145916,  52.355808,  0.562699, -0.412079, -0.716631,  0.376550,  0.899509, -0.221572,  0.735921, -0.145169,  0.661321,  0.497307,  0.519641, 
				-20.058300,  2.145916,  52.355808,  0.562699, -0.412079, -0.716631,  0.295586,  0.909882, -0.291108,  0.772009, -0.048020,  0.633795,  0.008882,  0.522318, 
				-20.034508,  6.004568,  51.870304,  0.554675,  0.256645, -0.791498, -0.182813,  0.965589,  0.184980,  0.811736,  0.042092,  0.582506,  0.032031,  0.517845, 
				-21.310879,  9.224997,  54.558098,  0.172111,  0.849370, -0.498947, -0.624351,  0.485834,  0.611679,  0.761947,  0.206242,  0.613923,  0.055646,  0.526925, 
				-23.030821,  10.682037,  59.097988, -0.185833,  0.950144, -0.250385, -0.831790, -0.016470,  0.554846,  0.523060,  0.311376,  0.793381,  0.079484,  0.545410, 
				-30.654779,  9.476391,  81.631195, -0.662289,  0.741482, -0.107600, -0.718151, -0.587276,  0.373317,  0.213617,  0.324517,  0.921443,  0.156424,  0.658823, 
				-26.443888,  11.082155,  68.838394, -0.451468,  0.880258, -0.146023, -0.822511, -0.347112,  0.450542,  0.345907,  0.323511,  0.880732,  0.117032,  0.593566, 
				-16.900379,  1.720336,  141.018127,  0.559960, -0.409633,  0.720171,  0.748080, -0.123643, -0.651988,  0.356120,  0.903833,  0.237203,  0.321273,  0.991329, 
				-19.172722,  2.696659,  142.800537,  0.341480, -0.341922,  0.875489,  0.558331, -0.675522, -0.481599,  0.756081,  0.653269, -0.039772,  0.302684,  0.991329, 
				-15.286109,  2.161808,  139.811310,  0.783238, -0.355931,  0.509756,  0.619585,  0.514771, -0.592558, -0.051498,  0.779951,  0.623718,  0.338394,  0.991329, 
				-13.680305,  5.174618,  138.681778,  0.913853, -0.188712,  0.359527,  0.289337,  0.923865, -0.250516, -0.284879,  0.332960,  0.898878,  0.362176,  0.991329, 
				-13.249931,  8.931028,  138.431671,  0.915836,  0.111567,  0.385743, -0.065756,  0.989329, -0.130020, -0.396132,  0.093712,  0.913399,  0.391843,  0.991329, 
				-13.249931,  8.931028,  138.431671,  0.915836,  0.111567,  0.385743, -0.308998,  0.809299,  0.499556, -0.256447, -0.576705,  0.775659,  0.184496,  0.991329, 
				-14.888951,  11.065719,  139.761017,  0.703115,  0.428578,  0.567406, -0.701859,  0.290226,  0.650510,  0.114119, -0.855623,  0.504863,  0.208654,  0.991329, 
				-17.294750,  11.059422,  141.585602,  0.381540,  0.489229,  0.784272, -0.698058, -0.403672,  0.591408,  0.605923, -0.773113,  0.187493,  0.230895,  0.991329, 
				-19.486570,  8.734067,  143.388824,  0.159272,  0.304394,  0.939136, -0.459786, -0.818941,  0.343413,  0.873630, -0.486498,  0.009522,  0.253089,  0.991329, 
				-20.562956,  5.219868,  143.962616,  0.162117, -0.069884,  0.984294, -0.017260, -0.997537, -0.067982,  0.986621, -0.005968, -0.162924,  0.279330,  0.991329, 
				-38.128021,  3.235487,  103.811768, -0.978195,  0.106783, -0.178134, -0.170103, -0.904028,  0.392171, -0.119161,  0.413921,  0.902480,  0.253905,  0.759840, 
				-38.399719,  0.630217,  105.280121, -0.991695, -0.088681, -0.093154,  0.060857, -0.961613,  0.267574, -0.113307,  0.259683,  0.959024,  0.269830,  0.762747, 
				-36.323807,  4.638135,  98.161621, -0.952932,  0.161645, -0.256498, -0.259641, -0.871932,  0.415116, -0.156547,  0.462175,  0.872862,  0.230592,  0.735740, 
				-37.705288, -2.570813,  105.212486, -0.879178, -0.474930, -0.038567,  0.474012, -0.879980,  0.030805, -0.048569,  0.008802,  0.998781,  0.286488,  0.759120, 
				-36.217743, -4.269595,  102.787216, -0.677671, -0.734187, -0.041601,  0.725981, -0.658943, -0.196842,  0.117106, -0.163596,  0.979552,  0.299641,  0.746795, 
				-33.285767, -5.730022,  95.138428, -0.631211, -0.766218, -0.120345,  0.753176, -0.568479, -0.330995,  0.185200, -0.299568,  0.935927,  0.329742,  0.710419, 
				-29.285208, -6.550117,  82.898544, -0.594820, -0.779564, -0.196134,  0.760039, -0.465942, -0.453033,  0.261781, -0.418543,  0.869651,  0.376477,  0.652424, 
				-24.829214, -5.047604,  67.277176, -0.470601, -0.815259, -0.337472,  0.781179, -0.207140, -0.588942,  0.410236, -0.540783,  0.734343,  0.420034,  0.580238, 
				-21.631794, -0.330515,  55.140888, -0.268075, -0.770314, -0.578577,  0.710780,  0.247257, -0.658526,  0.650329, -0.587775,  0.481241,  0.471320,  0.527349, 
				-21.161539,  2.368738,  52.565266, -0.143347, -0.443045, -0.884965,  0.708841,  0.578061, -0.404216,  0.690649, -0.685242,  0.231185,  0.492265,  0.514317, 
				-21.161539,  2.368738,  52.565266, -0.143347, -0.443045, -0.884965,  0.104655,  0.882400, -0.458713,  0.984123, -0.158371, -0.080122,  0.008996,  0.515095, 
				-21.118111,  5.729079,  51.928055, -0.253318,  0.216299, -0.942892, -0.289794,  0.912954,  0.287287,  0.922957,  0.346019, -0.168586,  0.032629,  0.512312, 
				-22.268255,  8.515141,  54.729778, -0.519910,  0.601479, -0.606561, -0.775408, -0.034401,  0.630523,  0.358380,  0.798147,  0.484277,  0.060020,  0.521509, 
				-23.927145,  9.887661,  59.617661, -0.725588,  0.588974, -0.355854, -0.682013, -0.546720,  0.485752,  0.091543,  0.595153,  0.798381,  0.087915,  0.544154, 
				-26.851131,  9.961462,  68.190788, -0.834533,  0.485423, -0.260614, -0.550858, -0.726100,  0.411503,  0.010521,  0.486974,  0.873353,  0.122431,  0.586874, 
				-30.875179,  8.390165,  80.723969, -0.904314,  0.354206, -0.238234, -0.422898, -0.819342,  0.387085, -0.058087,  0.450795,  0.890736,  0.161248,  0.651228, 
				-34.219345,  6.253526,  91.390472, -0.941062,  0.221797, -0.255358, -0.310550, -0.865736,  0.392505, -0.134016,  0.448674,  0.883590,  0.201327,  0.704423, 
				 38.035995,  0.515605,  106.584084,  0.661485,  0.084752,  0.745154, -0.303916, -0.878058,  0.369660,  0.685618, -0.470989, -0.555065,  0.103669,  0.803968, 
				 37.058357,  3.873495,  103.935104,  0.351979,  0.907370,  0.229760,  0.539750, -0.397304,  0.742172,  0.764710, -0.137216, -0.629596,  0.070333,  0.811537, 
				 33.359200,  6.737839,  109.579391,  0.615299,  0.786234, -0.056958,  0.533111, -0.361804,  0.764781,  0.580689, -0.500934, -0.641767,  0.086889,  0.869013, 
				 34.313484,  3.412324,  113.248184,  0.903397, -0.020089,  0.428334, -0.285777, -0.772937,  0.566480,  0.319695, -0.634164, -0.704010,  0.136530,  0.870797, 
				 35.032696,  3.724041,  101.183113,  0.062993,  0.557019, -0.828107,  0.615044,  0.631796,  0.471758,  0.785973, -0.539039, -0.302792,  0.040603,  0.805022, 
				 30.661474,  6.679729,  106.564667, -0.195877,  0.789480, -0.581682,  0.650568,  0.548458,  0.525314,  0.733753, -0.275527, -0.621041,  0.048652,  0.863825, 
				 33.301056,  0.269541,  101.462265, -0.225900, -0.180266, -0.957326,  0.081224,  0.975822, -0.202915,  0.970758, -0.123597, -0.205796,  0.008802,  0.817824, 
				 28.576170,  2.728247,  106.391693, -0.760412, -0.006469, -0.649409, -0.023092,  0.999587,  0.017082,  0.649030,  0.027986, -0.760248,  0.008802,  0.875466, 
				 33.301056,  0.269541,  101.462265, -0.225900, -0.180266, -0.957326, -0.038197, -0.980334,  0.193612, -0.973401,  0.080304,  0.214572,  0.007578,  0.818177, 
				 34.484867, -3.732730,  102.891869, -0.233183, -0.852018, -0.468711,  0.510134, -0.517529,  0.686969, -0.827882, -0.078916,  0.555323,  0.039379,  0.805022, 
				 29.916477, -1.405896,  107.935684, -0.563143, -0.809877, -0.164222,  0.440206, -0.462191,  0.769804, -0.699348,  0.361218,  0.616793,  0.047428,  0.863825, 
				 28.576170,  2.728247,  106.391693, -0.760412, -0.006469, -0.649409, -0.241620, -0.925351,  0.292138, -0.602821,  0.379056,  0.702085,  0.007578,  0.875466, 
				 36.297363, -2.878364,  105.826088,  0.012250, -0.736937,  0.675850,  0.617174,  0.537365,  0.574748, -0.786732,  0.410076,  0.461401,  0.069109,  0.811537, 
				 32.333504, -1.177474,  111.422722,  0.269360, -0.863443,  0.426512,  0.607085,  0.496041,  0.620799, -0.747592,  0.091710,  0.657796,  0.085665,  0.869013, 
				 26.259497,  1.514175,  121.250740, -0.443686, -0.542172,  0.713577,  0.307441, -0.840005, -0.447071,  0.841797,  0.021023,  0.539384,  0.481620,  0.943088, 
				 28.293085,  4.960407,  123.661537, -0.214007, -0.468740,  0.857020,  0.094969, -0.883174, -0.459330,  0.972205, -0.016910,  0.233521,  0.459596,  0.965550, 
				 27.075951,  7.932778,  121.461357, -0.776877,  0.224439,  0.588294, -0.144714, -0.972948,  0.180084,  0.612797,  0.054769,  0.788340,  0.438337,  0.949735, 
				 35.909409, -4.217265,  103.943123,  0.146687, -0.959547, -0.240319,  0.766055, -0.043507,  0.641301, -0.625813, -0.278168,  0.728684,  0.053412,  0.800262, 
				 38.056572, -3.663563,  105.086464,  0.529530, -0.844713, -0.077831,  0.792358,  0.459764,  0.400982, -0.302931, -0.274002,  0.912774,  0.068282,  0.796229, 
				 27.471649,  0.910738,  119.227570,  0.224580, -0.903139,  0.365929,  0.670947,  0.415644,  0.614061, -0.706678,  0.107613,  0.699304,  0.105401,  0.951045, 
				 34.313484,  3.412324,  113.248184,  0.903397, -0.020089,  0.428334, -0.042547,  0.989773,  0.136157, -0.426689, -0.141228,  0.893304,  0.135306,  0.870797, 
				 31.536823,  7.127728,  122.935555,  0.924528, -0.018651,  0.380658, -0.060179,  0.979127,  0.194134, -0.376333, -0.202390,  0.904108,  0.174752,  0.956166, 
				 38.035995,  0.515605,  106.584084,  0.661485,  0.084752,  0.745154, -0.045118,  0.996292, -0.073264, -0.748600,  0.014843,  0.662856,  0.102445,  0.803968, 
				 41.143120, -0.260326,  105.290672,  0.984720, -0.155063, -0.079266,  0.170733,  0.949309,  0.263937,  0.034321, -0.273437,  0.961277,  0.088793,  0.779811, 
				 41.143120, -0.260326,  105.290672,  0.984720, -0.155063, -0.079266, -0.064846, -0.748919,  0.659481, -0.161625, -0.644263, -0.747531,  0.090017,  0.779811, 
				 39.095676,  3.431173,  103.428787,  0.743782,  0.538703, -0.395711,  0.652803, -0.458200,  0.603242,  0.143654, -0.707002, -0.692468,  0.069506,  0.796229, 
				 37.308586,  4.153425,  102.200043,  0.420558,  0.653988, -0.628833,  0.822550,  0.017601,  0.568420,  0.382808, -0.756300, -0.530536,  0.054636,  0.800262, 
				 31.536823,  7.127728,  122.935555,  0.924528, -0.018651,  0.380658, -0.264198, -0.751223,  0.604866,  0.274678, -0.659784, -0.699454,  0.175976,  0.956166, 
				 29.028360,  10.083961,  122.915161, -0.022720,  0.873393,  0.486487,  0.458126, -0.423418,  0.781561,  0.888597,  0.240629, -0.390504,  0.144393,  0.979555, 
				 30.326674,  8.406638,  126.072334, -0.165711,  0.251796,  0.953488,  0.585985, -0.752518,  0.300565,  0.793197,  0.608536, -0.022848,  0.177096,  0.987303, 
				 23.881874,  11.463274,  116.073013, -0.476923,  0.870466, -0.121790,  0.626717,  0.433933,  0.647247,  0.616255,  0.232359, -0.752488,  0.055241,  0.973072, 
				 27.730049,  11.761284,  119.757980, -0.203693,  0.902851,  0.378641,  0.614034, -0.183417,  0.767672,  0.762543,  0.388868, -0.517020,  0.111691,  0.971807, 
				 28.985815,  10.761954,  117.522491,  0.555699,  0.825277, -0.100580,  0.589009, -0.305424,  0.748188,  0.586743, -0.475010, -0.655819,  0.106625,  0.951045, 
				 25.238281,  10.805230,  114.208435, -0.169013,  0.822548, -0.543001,  0.662659,  0.502656,  0.555176,  0.729601, -0.265992, -0.630024,  0.053952,  0.953781, 
				 20.638124,  6.994332,  114.671448, -0.972071,  0.229702,  0.048123,  0.231053,  0.900729,  0.367834,  0.041146,  0.368679, -0.928646,  0.008802,  0.981656, 
				 22.006367,  6.344286,  113.159546, -0.725305,  0.071107, -0.684746,  0.097439,  0.995241,  0.000139,  0.681497, -0.066621, -0.728782,  0.008802,  0.962984, 
				 21.674030,  1.711594,  116.639076, -0.796538, -0.588360,  0.139136,  0.500125, -0.511915,  0.698440, -0.339708,  0.625920,  0.702013,  0.054017,  0.973072, 
				 20.638124,  6.994332,  114.671448, -0.972071,  0.229702,  0.048123, -0.176048, -0.849286,  0.497714,  0.155196,  0.475341,  0.866005,  0.007578,  0.981656, 
				 22.006367,  6.344286,  113.159546, -0.725305,  0.071107, -0.684746, -0.272542, -0.943045,  0.190755, -0.632182,  0.324977,  0.703375,  0.007578,  0.962984, 
				 23.132498,  1.181600,  115.057098, -0.558151, -0.797289, -0.229778,  0.449552, -0.523339,  0.723892, -0.697403,  0.300744,  0.650525,  0.052728,  0.953781, 
				 26.259497,  1.514175,  121.250740, -0.443686, -0.542172,  0.713577,  0.651305,  0.351859,  0.672307, -0.615585,  0.763049,  0.197004,  0.110467,  0.971807, 
				 28.293085,  4.960407,  123.661537, -0.214007, -0.468740,  0.857020,  0.526597,  0.683585,  0.505378, -0.822737,  0.559459,  0.100545,  0.143170,  0.979555, 
				 30.326674,  8.406638,  126.072334, -0.165711,  0.251796,  0.953488, -0.155516, -0.961430,  0.226865,  0.973835, -0.110688,  0.198478,  0.437573,  0.988012, 
				 29.028360,  10.083961,  122.915161, -0.022720,  0.873393,  0.486487, -0.364693, -0.460320,  0.809385,  0.930851, -0.159029,  0.328978,  0.423810,  0.966473, 
				 27.730049,  11.761284,  119.757980, -0.203693,  0.902851,  0.378641, -0.545427, -0.425821,  0.721932,  0.813031, -0.059468,  0.579176,  0.410047,  0.944934, 
				 23.881874,  11.463274,  116.073013, -0.476923,  0.870466, -0.121790, -0.862860, -0.437292,  0.253474,  0.167383,  0.225975,  0.959645,  0.411562,  0.909095, 
				 20.638124,  6.994332,  114.671448, -0.972071,  0.229702,  0.048123, -0.218095, -0.959879,  0.176257,  0.086679,  0.160838,  0.983167,  0.442406,  0.886222, 
				 21.674030,  1.711594,  116.639076, -0.796538, -0.588360,  0.139136,  0.594446, -0.804130,  0.002743,  0.110270,  0.084894,  0.990269,  0.478754,  0.899341, 
				 33.301056,  0.269541,  101.462265, -0.225900, -0.180266, -0.957326,  0.916358, -0.372775, -0.146039, -0.330541, -0.910244,  0.249398,  0.428349,  0.846113, 
				 35.032696,  3.724041,  101.183113,  0.062993,  0.557019, -0.828107,  0.992473,  0.052353,  0.110711,  0.105022, -0.828848, -0.549528,  0.433108,  0.820487, 
				 37.170124, -0.032528,  103.230736,  0.447497, -0.253999, -0.857456,  0.848316, -0.182887,  0.496902, -0.283030, -0.949756,  0.133630,  0.456811,  0.842287, 
				 34.484867, -3.732730,  102.891869, -0.233183, -0.852018, -0.468711,  0.815429, -0.433930,  0.383119, -0.529812, -0.292864,  0.795946,  0.444885,  0.870760, 
				 38.056572, -3.663563,  105.086464,  0.529530, -0.844713, -0.077831,  0.647095,  0.342907,  0.680942, -0.548512, -0.410944,  0.728189,  0.472599,  0.865531, 
				 35.909409, -4.217265,  103.943123,  0.146687, -0.959547, -0.240319,  0.799007, -0.028290,  0.600656, -0.583156, -0.280125,  0.762534,  0.457159,  0.872103, 
				 41.143120, -0.260326,  105.290672,  0.984720, -0.155063, -0.079266,  0.063241, -0.105672,  0.992388, -0.162259, -0.982237, -0.094251,  0.486675,  0.837979, 
				 39.095676,  3.431173,  103.428787,  0.743782,  0.538703, -0.395711,  0.634534, -0.382940,  0.671359,  0.210129, -0.750437, -0.626650,  0.464172,  0.816603, 
				 37.308586,  4.153425,  102.200043,  0.420558,  0.653988, -0.628833,  0.881508, -0.130563,  0.453759,  0.214651, -0.745153, -0.631405,  0.448968,  0.814323, 
				 30.326674,  8.406638,  126.072334, -0.165711,  0.251796,  0.953488,  0.708791,  0.702655, -0.062373, -0.685678,  0.665488, -0.294908,  0.175872,  0.987303, 
				-4.979908, -4.216297,  182.216537, -0.488434, -0.495657,  0.718162,  0.069849, -0.842580, -0.534022,  0.869801, -0.210671,  0.446166,  0.786388,  0.316698, 
				-6.847772, -3.009073,  182.418991, -0.568863, -0.356886,  0.740964,  0.234840, -0.933919, -0.269528,  0.788191,  0.020683,  0.615083,  0.775687,  0.338475, 
				-6.346763, -4.981733,  181.254242, -0.405130, -0.631807,  0.660825,  0.304699, -0.774782, -0.553960,  0.861991, -0.023073,  0.506398,  0.792711,  0.341724, 
				-4.234529, -6.089867,  181.011154, -0.614793, -0.593581,  0.519318, -0.006021, -0.654906, -0.755686,  0.788666, -0.467717,  0.399058,  0.807451,  0.308790, 
				-6.024416, -5.829030,  180.078400, -0.392426, -0.916601,  0.076446,  0.327176, -0.216783, -0.919761,  0.859627, -0.335927,  0.384961,  0.804345,  0.346561, 
				-4.410821, -6.355895,  180.033142, -0.672243, -0.732578,  0.106863,  0.225255, -0.339898, -0.913088,  0.705230, -0.589745,  0.393511,  0.817172,  0.317024, 
				-5.642550, -4.917847,  179.642517, -0.533620, -0.813116, -0.232577,  0.357563,  0.032306, -0.933330,  0.766419, -0.581205,  0.273501,  0.818830,  0.347445, 
				-5.128932, -6.093325,  178.962708, -0.569607, -0.817636,  0.083783,  0.433754, -0.385621, -0.814343,  0.698144, -0.427514,  0.574305,  0.830739,  0.340848, 
				-4.106011, -6.339922,  178.011261, -0.355753, -0.925107, -0.132732,  0.537313, -0.086253, -0.838961,  0.764679, -0.369781,  0.527757,  0.843752,  0.337707, 
				-3.716152, -6.644844,  178.826553, -0.599369, -0.758884, -0.254663,  0.539092, -0.147508, -0.829229,  0.591724, -0.634301,  0.497520,  0.828227,  0.318775, 
				-5.931761, -5.644675,  177.878906, -0.690702, -0.720928, -0.056516,  0.413044, -0.329159, -0.849146,  0.593570, -0.609850,  0.525126,  0.835006,  0.358059, 
				-5.138920, -5.702559,  177.082321, -0.521103, -0.813052, -0.259610,  0.601766, -0.134298, -0.787300,  0.605251, -0.566489,  0.559250,  0.850683,  0.357037, 
				-6.197093, -4.629770,  178.829834, -0.081910, -0.984187, -0.157058,  0.512604,  0.093543, -0.853515,  0.854709, -0.150420,  0.496836,  0.818461,  0.365246, 
				-6.742460, -5.491370,  179.831085, -0.487699, -0.862272,  0.136515,  0.481621, -0.396166, -0.781724,  0.728142, -0.315498,  0.608499,  0.799633,  0.359807, 
				-7.533978, -4.985178,  177.811035, -0.061005, -0.966550, -0.249118,  0.949439,  0.020815, -0.313262,  0.307968, -0.255633,  0.916410,  0.795452,  0.386752, 
				-6.308044, -4.409278,  177.219574,  0.002579, -0.916356, -0.400357,  0.768362,  0.258050, -0.585687,  0.640010, -0.306109,  0.704759,  0.819897,  0.388214, 
				-5.825407, -4.919295,  176.297134, -0.789664, -0.533658, -0.302720,  0.533572, -0.353763, -0.768214,  0.302873, -0.768154,  0.564099,  0.839671,  0.389971, 
				-7.190580, -4.176693,  180.590836, -0.772640, -0.478053,  0.417723,  0.402675, -0.877732, -0.259692,  0.490795, -0.032442,  0.870671,  0.787068,  0.357336, 
				-8.254077, -3.509611,  179.155609, -0.866288, -0.375877,  0.329031,  0.397639, -0.917541, -0.001253,  0.302370,  0.129750,  0.944318,  0.776898,  0.374339, 
				-7.786611, -4.896006,  178.773880, -0.787461, -0.554572,  0.268988,  0.516795, -0.831890, -0.202193,  0.335899, -0.020208,  0.941681,  0.791482,  0.377338, 
				-8.842297, -3.813373,  177.066772, -0.931348, -0.364126,  0.001764,  0.363961, -0.930757,  0.034985, -0.011097,  0.033225,  0.999386,  0.776675,  0.396585, 
				-7.951399, -4.605281,  176.189178, -0.308044, -0.866498, -0.392797,  0.949468, -0.253890, -0.184529,  0.060167, -0.429791,  0.900921,  0.790008,  0.407111, 
				-6.273379, -3.407588,  175.545502,  0.481173, -0.717989, -0.502956,  0.785439,  0.607899, -0.116377,  0.389304, -0.339044,  0.856441,  0.822234,  0.419759, 
				-9.053703, -2.591748,  177.757065, -0.989394, -0.112222,  0.092225,  0.123861, -0.983472,  0.132066,  0.075880,  0.142088,  0.986941,  0.761721,  0.387976, 
				-8.744434, -1.154685,  175.849503, -0.985861,  0.134999, -0.099266, -0.151012, -0.972526,  0.177167, -0.072621,  0.189652,  0.979162,  0.740413,  0.406815, 
				-9.040398, -2.037446,  174.255219, -0.975761, -0.017601, -0.218128, -0.046101, -0.957859,  0.283516, -0.213926,  0.286700,  0.933830,  0.747506,  0.425974, 
				-8.052404, -3.950116,  174.138977, -0.192019, -0.906324, -0.376438,  0.754400, -0.381652,  0.534062, -0.627702, -0.181435,  0.757015,  0.779089,  0.435587, 
				-6.727002, -2.023975,  174.481293,  0.889143, -0.410789, -0.201687,  0.441459,  0.653810,  0.614529, -0.120577, -0.635441,  0.762677,  0.812769,  0.448458, 
				-7.572515, -3.862662,  172.601105,  0.511177, -0.848904,  0.134388,  0.444742,  0.395058,  0.803824, -0.735461, -0.351129,  0.579488,  0.772373,  0.453673, 
				-6.906454, -1.884596,  172.752625,  0.986115, -0.166048,  0.002307,  0.119128,  0.717014,  0.686803, -0.115696, -0.676992,  0.726840,  0.800252,  0.464157, 
				-8.659489, -2.486798,  172.663010, -0.954273,  0.100375, -0.281583, -0.225840, -0.859208,  0.459083, -0.195858,  0.501683,  0.842587,  0.749105,  0.443044, 
				-7.886015, -0.439031,  174.091507, -0.764984,  0.418912, -0.489195, -0.520054, -0.849844,  0.085494, -0.379925,  0.319809,  0.867974,  0.720950,  0.424665, 
				-7.484487, -1.118946,  172.413086, -0.562439,  0.683945, -0.464631, -0.700495, -0.692694, -0.171703, -0.439283,  0.228899,  0.868698,  0.725724,  0.442513, 
				-8.560474, -0.216112,  176.184067, -0.948448,  0.196957, -0.248304, -0.267643, -0.917356,  0.294661, -0.169748,  0.345928,  0.922778,  0.731588,  0.400257, 
				-7.470924,  2.447336,  174.563141, -0.867569,  0.007124, -0.497267, -0.292598, -0.815833,  0.498801, -0.402133,  0.578244,  0.709876,  0.691415,  0.405038, 
				-6.811128,  2.150039,  174.006027, -0.773241,  0.068020, -0.630454, -0.383618, -0.841833,  0.379676, -0.504912,  0.535434,  0.677034,  0.686355,  0.416487, 
				-9.154419, -0.597863,  179.048737, -0.985713,  0.040566,  0.163478, -0.005245, -0.977487,  0.210932,  0.168354,  0.207061,  0.963734,  0.747216,  0.372216, 
				-8.501151, -1.573911,  181.099075, -0.862725, -0.169333,  0.476478,  0.229718, -0.970666,  0.070974,  0.450483,  0.170686,  0.876317,  0.760415,  0.355716, 
				-7.570282, -2.669771,  169.997437, -0.650258,  0.662146, -0.372461, -0.733239, -0.675294,  0.079610, -0.198808,  0.324870,  0.924627,  0.732013,  0.462141, 
				-8.350386, -3.915675,  170.751648, -0.998241, -0.025770,  0.053398,  0.054991, -0.739119,  0.671327,  0.022167,  0.673082,  0.739236,  0.752432,  0.461914, 
				-7.536069, -4.580784,  170.482117,  0.755551, -0.654120,  0.035644,  0.538129,  0.650763,  0.535653, -0.373577, -0.385532,  0.843685,  0.761639,  0.466690, 
				-8.597647, -4.509068,  169.904785, -0.854277,  0.046776,  0.517710,  0.248013, -0.838599,  0.485017,  0.456838,  0.542738,  0.704794,  0.752352,  0.468468, 
				-8.104206, -4.995890,  169.677612,  0.613403, -0.697100, -0.371198,  0.751714,  0.371198,  0.545104, -0.242204, -0.613403,  0.751714,  0.757432,  0.469734, 
